E_elc_Ry	kp3/2J1/2 6s[1/2]
0.000801	0
0.001601	0
0.002401	0
0.003201	0
0.004001	0
0.004801	0
0.005601	0
0.006401	0
0.008001	-0.586220167
0.008801	-0.586781261
0.009601	-0.587351099
0.010401	-0.58793477
0.011201	-0.588521435
0.012001	-0.589105701
0.012801	-0.589713835
0.013601	-0.590320252
0.014401	-0.590941908
0.015201	-0.591586416
0.016001	-0.592302492
0.016801	-0.593022711
0.017601	-0.593732317
0.018401	-0.594383957
0.019201	-0.595081995
0.020001	-0.595796923
0.020801	-0.596511293
0.021601	-0.597120777
0.022401	-0.597869471
0.023201	-0.598673365
0.024001	-0.599503512
0.024801	-0.600326356
0.025601	-0.601213564
0.026401	-0.602099645
0.027201	-0.603017067
0.028001	-0.60399025
0.028801	-0.604993216
0.029601	-0.606026549
0.030401	-0.607108127
0.031201	-0.608243113
0.032001	-0.60943525
0.032801	-0.610708724
0.033601	-0.612010818
0.034401	-0.613407764
0.035201	-0.614886046
0.036001	-0.616467673
0.036801	-0.618153252
0.037601	-0.619937609
0.038401	-0.621902006
0.039201	-0.623996805
0.040001	-0.626299023
0.040801	-0.628820145
0.041601	-0.631558029
0.042401	-0.634661436
0.043201	-0.638075318
0.044001	-0.641961931
0.044801	-0.64638395
0.045601	-0.651490846
0.046401	-0.657461529
0.047201	-0.664546903
0.048001	-0.673135033
0.048801	-0.683783264
0.049601	-0.697343111
0.050401	-0.715267789
0.051201	-0.740075825
0.052001	-0.776832067
0.052801	-0.836633825
0.053601	-0.951022203
0.054401	-1.236734766
0.055201	-2.167857301
0.056001	-3.093745695
0.056801	2.905643401
0.057601	2.791956985
0.058401	2.732224249
0.059201	2.695569757
0.060001	2.67078859
0.060801	2.652910214
0.061601	2.639374137
0.062401	2.628739543
0.063201	2.620173918
0.064001	2.613096107
0.064801	2.607134601
0.065601	2.602047298
0.066401	2.597639457
0.067201	2.593769279
0.068001	2.590351305
0.068801	2.587292832
0.069601	2.584447845
0.070401	2.582055037
0.071201	2.579756637
0.072001	2.577695322
0.072801	2.575768669
0.073601	2.573984118
0.074401	2.572312534
0.075201	2.570740083
0.076001	2.569284034
0.076801	2.567921607
0.077601	2.566610424
0.078401	2.56537128
0.079201	2.564196977
0.080001	2.563097556
0.080801	2.562036883
0.081601	2.56103753
0.082401	2.560070831
0.083201	2.559106038
0.084001	2.55821057
0.084801	2.557338974
0.085601	2.556489127
0.086401	2.555659102
0.087201	2.554885271
0.088001	2.55412645
0.088801	2.553393823
0.089601	2.552649169
0.090401	2.551975693
0.091201	2.551276105
0.092001	2.55060873
0.092801	2.549971727
0.093601	2.549307445
0.094401	2.548704778
0.095201	2.548085199
0.096001	2.547502058
0.096801	2.54691161
0.097601	2.546335
0.098401	2.545760499
0.099201	2.545198567
0.100001	2.544658198
0.100801	2.544128848
0.101601	2.543619335
0.102401	2.543070503
0.103201	2.542560659
0.104001	2.542059872
0.104801	2.54154838
0.105601	2.541073332
0.106401	2.540578162
0.107201	2.540099273
0.108001	2.539637637
0.108801	2.539164145
0.109601	2.538678906
0.110401	2.538244826
0.111201	2.53779005
0.112001	2.537332885
0.112801	2.536889199
0.113601	2.536442721
0.114401	2.536001218
0.115201	2.535581851
0.116001	2.535141772
0.116801	2.53472326
0.117601	2.53430867
0.118401	2.533890358
0.119201	2.53347568
0.120001	2.533057135
0.120801	2.53265861
0.121601	2.532255887
0.122401	2.531832504
0.123201	2.531444908
0.124001	2.531059806
0.124801	2.53064698
0.125601	2.530252831
0.126401	2.529876939
0.127201	2.529496195
0.128001	2.529110612
0.128801	2.528697758
0.129601	2.52832497
0.130401	2.527947116
0.131201	2.52756421
0.132001	2.527198212
0.132801	2.526820531
0.133601	2.52644406
0.134401	2.526077628
0.135201	2.525705834
0.136001	2.525365231
0.136801	2.524982581
0.137601	2.524630812
0.138401	2.52425232
0.139201	2.523904288
0.140001	2.523535676
0.140801	2.523191046
0.141601	2.522825864
0.142401	2.52249028
0.143201	2.522128212
0.144001	2.521774947
0.144801	2.521415814
0.145601	2.521085559
0.146401	2.520729018
0.147201	2.520380925
0.148001	2.520041148
0.148801	2.519700918
0.149601	2.519363163
0.150401	2.519019243
0.151201	2.518683322
0.152001	2.51834117
0.152801	2.517987306
0.153601	2.517660812
0.154401	2.517322521
0.155201	2.516997286
0.156001	2.516660255
0.156801	2.51633074
0.157601	2.515989485
0.158401	2.515660959
0.159201	2.515334455
0.160001	2.51500146
0.160801	2.514675677
0.161601	2.514338166
0.162401	2.514007795
0.163201	2.513684471
0.164001	2.513368102
0.164801	2.513039986
0.165601	2.512718759
0.166401	2.512404335
0.167201	2.512078179
0.168001	2.511758763
0.168801	2.51142766
0.169601	2.511121525
0.170401	2.510785403
0.171201	2.510474087
0.172001	2.510164333
0.172801	2.509847744
0.173601	2.509532703
0.174401	2.509210824
0.175201	2.508890482
0.176001	2.508576432
0.176801	2.5082686
0.177601	2.507949104
0.178401	2.507635773
0.179201	2.507328537
0.180001	2.507022662
0.180801	2.506705147
0.181601	2.506393647
0.182401	2.506088094
0.183201	2.505770909
0.184001	2.505459622
0.184801	2.505167052
0.185601	2.504862815
0.186401	2.504546968
0.187201	2.50423688
0.188001	2.503945292
0.188801	2.503629276
0.189601	2.503331675
0.190401	2.503022459
0.191201	2.502714403
0.192001	2.50241628
0.192801	2.502102173
0.193601	2.501810594
0.194401	2.501503054
0.195201	2.501200935
0.196001	2.50090418
0.196801	2.50059584
0.197601	2.500305411
0.198401	2.500003388
0.199201	2.499706612
0.200001	2.499414894
0.200801	2.499103436
0.201601	2.498801253
0.202401	2.498516702
0.203201	2.498203911
0.204001	2.497925332
0.204801	2.497618561
0.205601	2.497316846
0.206401	2.497032565
0.207201	2.496736711
0.208001	2.496441722
0.208801	2.496151655
0.209601	2.495862417
0.210401	2.495561641
0.211201	2.495278082
0.212001	2.494982976
0.212801	2.494692674
0.213601	2.49438686
0.214401	2.494114409
0.215201	2.49381415
0.216001	2.493518623
0.216801	2.493236129
0.217601	2.492946029
0.218401	2.492640517
0.219201	2.492368023
0.220001	2.492067887
0.220801	2.491784569
0.221601	2.491501947
0.222401	2.491223853
0.223201	2.490918234
0.224001	2.490629327
0.224801	2.490357061
0.225601	2.490057335
0.226401	2.489774221
0.227201	2.489495516
0.228001	2.489213686
0.228801	2.488924117
0.229601	2.488635185
0.230401	2.488362699
0.231201	2.48806292
0.232001	2.487779559
0.232801	2.487500478
0.233601	2.487206245
0.234401	2.486928341
0.235201	2.486654652
0.236001	2.486365842
0.236801	2.486093274
0.237601	2.485809225
0.238401	2.485513716
0.239201	2.485234379
0.240001	2.484955579
0.240801	2.484677313
0.241601	2.48440313
0.242401	2.484129457
0.243201	2.483844312
0.244001	2.483559688
0.244801	2.483279089
0.245601	2.483010947
0.246401	2.482719377
0.247201	2.482455685
0.248001	2.482165103
0.248801	2.481890413
0.249601	2.481619635
0.250401	2.481333945
0.251201	2.481064076
0.252001	2.480782736
0.252801	2.480501851
0.253601	2.480236715
0.254401	2.479960102
0.255201	2.479683919
0.256001	2.479408167
0.256801	2.479136195
0.257601	2.478849411
0.258401	2.478578269
0.259201	2.478295664
0.260001	2.478040514
0.260801	2.477746858
0.261601	2.477480628
0.262401	2.477202929
0.263201	2.476940742
0.264001	2.476663812
0.264801	2.476402365
0.265601	2.476129444
0.266401	2.475856892
0.267201	2.475584709
0.268001	2.47530107
0.268801	2.475032831
0.269601	2.47476494
0.270401	2.474497397
0.271201	2.4742302
0.272001	2.473951542
0.272801	2.473688199
0.273601	2.473410233
0.274401	2.473147555
0.275201	2.472873408
0.276001	2.472599594
0.276801	2.47234101
0.277601	2.472067843
0.278401	2.471798102
0.279201	2.47154045
0.280001	2.471271327
0.280801	2.471002514
0.281601	2.47072224
0.282401	2.470468867
0.283201	2.470189207
0.284001	2.469924656
0.284801	2.469660394
0.285601	2.469396423
0.286401	2.469135748
0.287201	2.468860593
0.288001	2.468600471
0.288801	2.46834062
0.289601	2.468054574
0.290401	2.467809985
0.291201	2.467539204
0.292001	2.467268697
0.292801	2.46701314
0.293601	2.466746099
0.294401	2.466491048
0.295201	2.466224515
0.296001	2.465958237
0.296801	2.465680484
0.297601	2.465429333
0.298401	2.465166689
0.299201	2.464904283
0.300001	2.464642113
0.300801	2.464380179
0.301601	2.46410676
0.302401	2.463848139
0.303201	2.463601455
0.304001	2.463317013
0.304801	2.463059058
0.305601	2.462815844
0.306401	2.462546604
0.307201	2.462292087
0.308001	2.462023277
0.308801	2.461757463
0.309601	2.461503562
0.310401	2.461238153
0.311201	2.460987409
0.312001	2.460722397
0.312801	2.460472032
0.313601	2.460207416
0.314401	2.459945724
0.315201	2.459684217
0.316001	2.459422897
0.316801	2.459176166
0.317601	2.458915209
0.318401	2.45865712
0.319201	2.458396527
0.320001	2.458138785
0.320801	2.457881214
0.321601	2.457623812
0.322401	2.45736658
0.323201	2.457109517
0.324001	2.456855252
0.324801	2.45659852
0.325601	2.456344571
0.326401	2.456090776
0.327201	2.455837135
0.328001	2.455583648
0.328801	2.45531861
0.329601	2.455065429
0.330401	2.454812402
0.331201	2.454562091
0.332001	2.454297658
0.332801	2.454047631
0.333601	2.453783496
0.334401	2.453533753
0.335201	2.453284148
0.336001	2.453034681
0.336801	2.452773645
0.337601	2.452524454
0.338401	2.452263692
0.339201	2.452028975
0.340001	2.451768482
0.340801	2.451508125
0.341601	2.451262083
0.342401	2.451016165
0.343201	2.450744493
0.344001	2.450498827
0.344801	2.450253285
0.345601	2.449996152
0.346401	2.449739141
0.347201	2.449493967
0.348001	2.449251327
0.348801	2.448994675
0.349601	2.448738145
0.350401	2.448495845
0.351201	2.448253654
0.352001	2.447985755
0.352801	2.447743788
0.353601	2.447490207
0.354401	2.447248456
0.355201	2.44699509
0.356001	2.446741831
0.356801	2.446488679
0.357601	2.446249689
0.358401	2.445996745
0.359201	2.445746221
0.360001	2.445493483
0.360801	2.445254885
0.361601	2.445004648
0.362401	2.444754504
0.363201	2.444504453
0.364001	2.444254495
0.364801	2.444004629
0.365601	2.443754856
0.366401	2.44351917
0.367201	2.443269577
0.368001	2.443022316
0.368801	2.442772901
0.369601	2.442525805
0.370401	2.442278788
0.371201	2.44203185
0.372001	2.441784991
0.372801	2.441538211
0.373601	2.441305457
0.374401	2.441047074
0.375201	2.440800524
0.376001	2.440567986
0.376801	2.440309828
0.377601	2.440065668
0.378401	2.439821573
0.379201	2.439577545
0.380001	2.439333582
0.380801	2.439089685
0.381601	2.438845854
0.382401	2.438602089
0.383201	2.438358389
0.384001	2.438116862
0.384801	2.437873288
0.385601	2.437631873
0.386401	2.43737664
0.387201	2.437135335
0.388001	2.436905871
0.388801	2.436664674
0.389601	2.43642353
0.390401	2.436182439
0.391201	2.435929605
0.392001	2.435688617
0.392801	2.435447683
0.393601	2.435206801
0.394401	2.434954168
0.395201	2.434727214
0.396001	2.434474676
0.396801	2.434247813
0.397601	2.43399537
0.398401	2.433756783
0.399201	2.433518236
0.400001	2.433277751
0.400801	2.433039291
0.401601	2.432800871
0.402401	2.432562492
0.403201	2.432324154
0.404001	2.432085856
0.404801	2.431835764
0.405601	2.431597545
0.406401	2.431359366
0.407201	2.431121227
0.408001	2.430871286
0.408801	2.430633226
0.409601	2.430408958
0.410401	2.430159125
0.411201	2.429923072
0.412001	2.429685162
0.412801	2.429449171
0.413601	2.429211336
0.414401	2.428975408
0.415201	2.428725783
0.416001	2.428489915
0.416801	2.428254076
0.417601	2.428018264
0.418401	2.427782481
0.419201	2.427546727
0.420001	2.427311001
0.420801	2.427075303
0.421601	2.426839634
0.422401	2.426603993
0.423201	2.426368381
0.424001	2.426120904
0.424801	2.425899028
0.425601	2.425651597
0.426401	2.42541609
0.427201	2.42518238
0.428001	2.424946924
0.428801	2.424713252
0.429601	2.424479597
0.430401	2.424232301
0.431201	2.424010599
0.432001	2.423776999
0.432801	2.423543416
0.433601	2.42330985
0.434401	2.4230763
0.435201	2.422842767
0.436001	2.422597317
0.436801	2.422363815
0.437601	2.422143957
0.438401	2.421898543
0.439201	2.421665085
0.440001	2.421433314
0.440801	2.421199884
0.441601	2.420968128
0.442401	2.420734726
0.443201	2.420502986
0.444001	2.420271252
0.444801	2.420039523
0.445601	2.419794201
0.446401	2.419562485
0.447201	2.419330774
0.448001	2.419099067
0.448801	2.418880952
0.449601	2.418649253
0.450401	2.418417559
0.451201	2.418185871
0.452001	2.417942195
0.452801	2.417724085
0.453601	2.417480407
0.454401	2.417262296
0.455201	2.417030622
0.456001	2.416800505
0.456801	2.416556824
0.457601	2.416338712
0.458401	2.416108582
0.459201	2.415878445
0.460001	2.41564678
0.460801	2.415416636
0.461601	2.415186486
0.462401	2.41495633
0.463201	2.414726168
0.464001	2.414495999
0.464801	2.414265825
0.465601	2.414035644
0.466401	2.413805457
0.467201	2.413575264
0.468001	2.413358585
0.468801	2.413128377
0.469601	2.412898163
0.470401	2.412667944
0.471201	2.412451228
0.472001	2.412220994
0.472801	2.411978676
0.473601	2.41176193
0.474401	2.411531672
0.475201	2.411314906
0.476001	2.411072544
0.476801	2.410855756
0.477601	2.410625466
0.478401	2.410396558
0.479201	2.410166251
0.480001	2.409949422
0.480801	2.409720471
0.481601	2.409490138
0.482401	2.409261159
0.483201	2.409044283
0.484001	2.408815273
0.484801	2.408584903
0.485601	2.408355864
0.486401	2.408138942
0.487201	2.407909872
0.488001	2.407692926
0.488801	2.407463825
0.489601	2.407246855
0.490401	2.40700427
0.491201	2.406775124
0.492001	2.406558118
0.492801	2.406342388
0.493601	2.406113191
0.494401	2.405896147
0.495201	2.40566692
0.496001	2.405437676
0.496801	2.405208415
0.497601	2.40499132
0.498401	2.40477546
0.499201	2.404546149
0.500001	2.404316822
0.500801	2.404100903
0.501601	2.40387154
0.502401	2.40365558
0.503201	2.403426181
0.504001	2.403210181
0.504801	2.402980746
0.505601	2.402764706
0.506401	2.402535235
0.507201	2.402319155
0.508001	2.402103054
0.508801	2.401873529
0.509601	2.401645153
0.510401	2.401428988
0.511201	2.401212802
0.512001	2.400984349
0.512801	2.400768117
0.513601	2.400551865
0.514401	2.400323336
0.515201	2.400107038
0.516001	2.399878456
0.516801	2.399662114
0.517601	2.39943348
0.518401	2.399217092
0.519201	2.399001783
0.520001	2.398773067
0.520801	2.398556608
0.521601	2.398341211
0.522401	2.398112413
0.523201	2.397909251
0.524001	2.397680399
0.524801	2.397464882
0.525601	2.397235972
0.526401	2.397020395
0.527201	2.396804785
0.528001	2.396575788
0.528801	2.396360117
0.529601	2.396144415
0.530401	2.39591533
0.531201	2.395699567
0.532001	2.395483772
0.532801	2.395267946
0.533601	2.395052089
0.534401	2.3948362
0.535201	2.39462028
0.536001	2.394391971
0.536801	2.394175984
0.537601	2.393959966
0.538401	2.393743917
0.539201	2.393528796
0.540001	2.393312679
0.540801	2.39309653
0.541601	2.392867965
0.542401	2.39265175
0.543201	2.392448828
0.544001	2.392220153
0.544801	2.392003839
0.545601	2.391800813
0.546401	2.391572027
0.547201	2.39136893
0.548001	2.391140069
0.548801	2.390923587
0.549601	2.390720387
0.550401	2.390491414
0.551201	2.390288143
0.552001	2.390059095
0.552801	2.389855753
0.553601	2.389626629
0.554401	2.389423217
0.555201	2.389207319
0.556001	2.388990534
0.556801	2.388774557
0.557601	2.388557705
0.558401	2.38834165
0.559201	2.388138023
0.560001	2.387908596
0.560801	2.387704899
0.561601	2.387488686
0.562401	2.387271629
0.563201	2.387055337
0.564001	2.386851497
0.564801	2.386635126
0.565601	2.386417932
0.566401	2.386201482
0.567201	2.3859975
0.568001	2.38578097
0.568801	2.385576916
0.569601	2.385347033
0.570401	2.385142908
0.571201	2.38492622
0.572001	2.384709491
0.572801	2.384505257
0.573601	2.384288447
0.574401	2.384084142
0.575201	2.383867253
0.576001	2.383662875
0.576801	2.383445907
0.577601	2.383228896
0.578401	2.383024409
0.579201	2.38280732
0.580001	2.382602761
0.580801	2.382385592
0.581601	2.382168381
0.582401	2.381963713
0.583201	2.381746422
0.584001	2.381542338
0.584801	2.381337559
0.585601	2.381120146
0.586401	2.380902692
0.587201	2.380698438
0.588001	2.380493511
0.588801	2.380275933
0.589601	2.380058315
0.590401	2.379853891
0.591201	2.379648816
0.592001	2.379444308
0.592801	2.379226524
0.593601	2.379021929
0.594401	2.37880406
0.595201	2.378599378
0.596001	2.378394077
0.596801	2.378189311
0.597601	2.377971277
0.598401	2.377766424
0.599201	2.377561527
0.600001	2.377343364
0.600801	2.37713838
0.601601	2.376933351
0.602401	2.376715061
0.603201	2.376509945
0.604001	2.376304785
0.604801	2.37609958
0.605601	2.375894332
0.606401	2.375689039
0.607201	2.375470991
0.608001	2.375265606
0.608801	2.375060176
0.609601	2.374854702
0.610401	2.374649184
0.611201	2.374443622
0.612001	2.37422528
0.612801	2.374019625
0.613601	2.373813926
0.614401	2.373608183
0.615201	2.373402396
0.616001	2.373183808
0.616801	2.372991124
0.617601	2.372785199
0.618401	2.372579229
0.619201	2.372360443
0.620001	2.372167572
0.620801	2.371961465
0.621601	2.371742529
0.622401	2.371536329
0.623201	2.371343272
0.624001	2.371124185
0.624801	2.370931032
0.625601	2.370724648
0.626401	2.370518221
0.627201	2.370312117
0.628001	2.370105596
0.628801	2.36991221
0.629601	2.369692773
0.630401	2.369499291
0.631201	2.369292587
0.632001	2.369086175
0.632801	2.368879377
0.633601	2.368685708
0.634401	2.368465968
0.635201	2.368272204
0.636001	2.368065223
0.636801	2.367858502
0.637601	2.367651427
0.638401	2.367457475
0.639201	2.367237433
0.640001	2.367043385
0.640801	2.366849291
0.641601	2.366629098
0.642401	2.366434908
0.643201	2.366227511
0.644001	2.366033229
0.644801	2.365825994
0.645601	2.365618459
0.646401	2.365424035
0.647201	2.365216645
0.648001	2.36500897
0.648801	2.364814404
0.649601	2.364619792
0.650401	2.364399046
0.651201	2.364204338
0.652001	2.364009583
0.652801	2.363801635
0.653601	2.363606789
0.654401	2.363398939
0.655201	2.363203996
0.656001	2.362995863
0.656801	2.362800828
0.657601	2.362592773
0.658401	2.362397642
0.659201	2.362189325
0.660001	2.361994101
0.660801	2.361785841
0.661601	2.361590521
0.662401	2.361395154
0.663201	2.361186608
0.664001	2.360991149
0.664801	2.360782633
0.665601	2.360587078
0.666401	2.360391477
0.667201	2.360195829
0.668001	2.359987106
0.668801	2.359791362
0.669601	2.359582445
0.670401	2.359386609
0.671201	2.359177681
0.672001	2.358981748
0.672801	2.358785768
0.673601	2.358589742
0.674401	2.358380608
0.675201	2.358184485
0.676001	2.358001433
0.676801	2.357805217
0.677601	2.357595875
0.678401	2.357399561
0.679201	2.357203201
0.680001	2.356993704
0.680801	2.356797247
0.681601	2.356613854
0.682401	2.3564042
0.683201	2.356207599
0.684001	2.356010951
0.684801	2.355814247
0.685601	2.355617502
0.686401	2.355407584
0.687201	2.355223846
0.688001	2.355026956
0.688801	2.354816882
0.689601	2.354632996
0.690401	2.354422815
0.691201	2.35423883
0.692001	2.354028542
0.692801	2.353844457
0.693601	2.353647227
0.694401	2.353449878
0.695201	2.35325255
0.696001	2.353055092
0.696801	2.352857666
0.697601	2.3526601
0.698401	2.352475667
0.699201	2.352264902
0.700001	2.352067171
0.700801	2.351882585
0.701601	2.351671657
0.702401	2.351486972
0.703201	2.351289023
0.704001	2.351104237
0.704801	2.350893094
0.705601	2.350708208
0.706401	2.350510042
0.707201	2.350311818
0.708001	2.350126779
0.708801	2.349915365
0.709601	2.349730226
0.710401	2.349531785
0.711201	2.349346545
0.712001	2.349147994
0.712801	2.348949386
0.713601	2.348763993
0.714401	2.3485522
0.715201	2.348366707
0.716001	2.34816788
0.716801	2.347982286
0.717601	2.34778335
0.718401	2.347584357
0.719201	2.34739861
0.720001	2.347199507
0.720801	2.347013659
0.721601	2.346814447
0.722401	2.346628498
0.723201	2.346429176
0.724001	2.346243125
0.724801	2.346043694
0.725601	2.345857542
0.726401	2.345658001
0.727201	2.345471749
0.728001	2.345272098
0.728801	2.345085744
0.729601	2.344885983
0.730401	2.344699529
0.731201	2.344499658
0.732001	2.344313102
0.732801	2.344126498
0.733601	2.343926465
0.734401	2.343739759
0.735201	2.343539616
0.736001	2.34335281
0.736801	2.343165955
0.737601	2.342965649
0.738401	2.342778692
0.739201	2.342591688
0.740001	2.342391219
0.740801	2.342204113
0.741601	2.342016958
0.742401	2.341816327
0.743201	2.341629071
0.744001	2.341441766
0.744801	2.341240972
0.745601	2.341053566
0.746401	2.340879155
0.747201	2.340691651
0.748001	2.34049064
0.748801	2.340303035
0.749601	2.340115381
0.750401	2.339927678
0.751201	2.339726452
0.752001	2.339538647
0.752801	2.339350795
0.753601	2.339162893
0.754401	2.338961451
0.755201	2.338773448
0.756001	2.338585396
0.756801	2.338397296
0.757601	2.338222179
0.758401	2.338020467
0.759201	2.337832215
0.760001	2.337643915
0.760801	2.337455566
0.761601	2.337267169
0.762401	2.337078722
0.763201	2.336876688
0.764001	2.336701166
0.764801	2.336512568
0.765601	2.336323922
0.766401	2.336135227
0.767201	2.335946483
0.768001	2.335757147
0.768801	2.335568301
0.769601	2.335379406
0.770401	2.335190462
0.771201	2.335014487
0.772001	2.334825445
0.772801	2.334622763
0.773601	2.334446635
0.774401	2.334257441
0.775201	2.334068198
0.776001	2.33389192
0.776801	2.333688967
0.777601	2.333499573
0.778401	2.333323141
0.779201	2.333133648
0.780001	2.332957116
0.780801	2.332753891
0.781601	2.332577255
0.782401	2.33238756
0.783201	2.332210824
0.784001	2.332021031
0.784801	2.331830539
0.785601	2.331640643
0.786401	2.331463702
0.787201	2.331273708
0.788001	2.331082994
0.788801	2.330892897
0.789601	2.330715751
0.790401	2.330538554
0.791201	2.330334619
0.792001	2.330157318
0.792801	2.329979966
0.793601	2.329789567
0.794401	2.329598409
0.795201	2.329420902
0.796001	2.32923035
0.796801	2.329039023
0.797601	2.328861361
0.798401	2.328683649
0.799201	2.328492894
0.800001	2.328301344
0.800801	2.328123476
0.801601	2.327945558
0.802401	2.3277546
0.803201	2.327562826
0.804001	2.327384753
0.804801	2.327206628
0.805601	2.327014686
0.806401	2.326836456
0.807201	2.32664519
0.808001	2.326466859
0.808801	2.326274693
0.809601	2.326096257
0.810401	2.32591777
0.811201	2.325739233
0.812001	2.325546842
0.812801	2.325368199
0.813601	2.325176525
0.814401	2.324997781
0.815201	2.324818986
0.816001	2.324626316
0.816801	2.324447415
0.817601	2.324268464
0.818401	2.324089462
0.819201	2.323910409
0.820001	2.323717459
0.820801	2.3235383
0.821601	2.32335909
0.822401	2.323166857
0.823201	2.322987546
0.824001	2.322808185
0.824801	2.322628772
0.825601	2.322435432
0.826401	2.322255914
0.827201	2.322076344
0.828001	2.321896724
0.828801	2.321717053
0.829601	2.321537331
0.830401	2.321357558
0.831201	2.321177733
0.832001	2.320997858
0.832801	2.320817932
0.833601	2.320637955
0.834401	2.320444965
0.835201	2.320264886
0.836001	2.320084757
0.836801	2.319904577
0.837601	2.319724345
0.838401	2.319544063
0.839201	2.31936373
0.840001	2.319183345
0.840801	2.319002909
0.841601	2.318822423
0.842401	2.318641885
0.843201	2.318475268
0.844001	2.318294632
0.844801	2.318113945
0.845601	2.317920254
0.846401	2.317739466
0.847201	2.317558627
0.848001	2.317377736
0.848801	2.317210795
0.849601	2.317029807
0.850401	2.316848767
0.851201	2.316667676
0.852001	2.316486534
0.852801	2.31630534
0.853601	2.316138122
0.854401	2.315956831
0.855201	2.315775488
0.856001	2.315594094
0.856801	2.315412648
0.857601	2.3152452
0.858401	2.315063656
0.859201	2.314882062
0.860001	2.314700415
0.860801	2.314532783
0.861601	2.314351039
0.862401	2.314169243
0.863201	2.313987396
0.864001	2.313819579
0.864801	2.313637634
0.865601	2.313455637
0.866401	2.313273589
0.867201	2.313105588
0.868001	2.312923442
0.868801	2.312741244
0.869601	2.312558994
0.870401	2.312390809
0.871201	2.312208461
0.872001	2.312038991
0.872801	2.311856539
0.873601	2.311688169
0.874401	2.311505619
0.875201	2.311323017
0.876001	2.311140364
0.876801	2.310984735
0.877601	2.310801982
0.878401	2.310619178
0.879201	2.310436322
0.880001	2.310267583
0.880801	2.31009755
0.881601	2.309914543
0.882401	2.309731485
0.883201	2.309575479
0.884001	2.309392321
0.884801	2.309209112
0.885601	2.309025851
0.886401	2.308869656
0.887201	2.308686296
0.888001	2.308502883
0.888801	2.308332334
0.889601	2.308163036
0.890401	2.307992386
0.891201	2.30780877
0.892001	2.307625102
0.892801	2.30746853
0.893601	2.307284762
0.894401	2.307113854
0.895201	2.306929981
0.896001	2.306760311
0.896801	2.306589248
0.897601	2.306405225
0.898401	2.306234056
0.899201	2.306064199
0.900001	2.305892929
0.900801	2.305708701
0.901601	2.305537326
0.902401	2.305367281
0.903201	2.305195805
0.904001	2.305011372
0.904801	2.30483979
0.905601	2.304669558
0.906401	2.304497874
0.907201	2.304313237
0.908001	2.304141448
0.908801	2.303971028
0.909601	2.303799137
0.910401	2.303627193
0.911201	2.303456633
0.912001	2.303284587
0.912801	2.303099592
0.913601	2.302941788
0.914401	2.302756692
0.915201	2.302584439
0.916001	2.302413599
0.916801	2.302241244
0.917601	2.302068836
0.918401	2.301897856
0.919201	2.301725345
0.920001	2.301554273
0.920801	2.301381661
0.921601	2.301196106
0.922401	2.301037783
0.923201	2.300852127
0.924001	2.300693711
0.924801	2.300520841
0.925601	2.300349444
0.926401	2.300176473
0.927201	2.300004984
0.928001	2.29983191
0.928801	2.299660329
0.929601	2.299487154
0.930401	2.29931548
0.931201	2.299142202
0.932001	2.298970436
0.932801	2.298811507
0.933601	2.298625198
0.934401	2.298466175
0.935201	2.298279766
0.936001	2.298120649
0.936801	2.29794861
0.937601	2.297774927
0.938401	2.297602796
0.939201	2.297443495
0.940001	2.297256788
0.940801	2.297097393
0.941601	2.296925081
0.942401	2.296751096
0.943201	2.296578691
0.944001	2.296419113
0.944801	2.296246619
0.945601	2.296072434
0.946401	2.295899848
0.947201	2.295740086
0.948001	2.295567411
0.948801	2.295393025
0.949601	2.295220257
0.950401	2.295060311
0.951201	2.294887455
0.952001	2.294714555
0.952801	2.294554474
0.953601	2.294366927
0.954401	2.294206751
0.955201	2.29403367
0.956001	2.293873404
0.956801	2.293700234
0.957601	2.293539879
0.958401	2.29336662
0.959201	2.293193317
0.960001	2.293032826
0.960801	2.292844838
0.961601	2.292684253
0.962401	2.292510768
0.963201	2.292350093
0.964001	2.292176519
0.964801	2.292015753
0.965601	2.291842091
0.966401	2.291681235
0.967201	2.291507483
0.968001	2.291346537
0.968801	2.291172696
0.969601	2.290998812
0.970401	2.29083773
0.971201	2.290663756
0.972001	2.290502583
0.972801	2.290341365
0.973601	2.290167257
0.974401	2.290005949
0.975201	2.289831752
0.976001	2.289670352
0.976801	2.289496066
0.977601	2.289334576
0.978401	2.289160201
0.979201	2.28899862
0.980001	2.288836994
0.980801	2.288662485
0.981601	2.288500767
0.982401	2.288326169
0.983201	2.288164361
0.984001	2.288002507
0.984801	2.287827774
0.985601	2.287665829
0.986401	2.287503839
0.987201	2.287328971
0.988001	2.28716689
0.988801	2.287004763
0.989601	2.286829761
0.990401	2.286667543
0.991201	2.286505279
0.992001	2.286330142
0.992801	2.286167788
0.993601	2.286005387
0.994401	2.285842941
0.995201	2.285667624
0.996001	2.285505086
0.996801	2.285342503
0.997601	2.285179874
0.998401	2.285017199
0.999201	2.284841656
1.000001	2.28467889
1.000801	2.284516078
1.001601	2.28435322
1.002401	2.284190315
1.003201	2.284027365
1.004001	2.283851552
1.004801	2.283688511
1.005601	2.283525423
1.006401	2.28336229
1.007201	2.283199111
1.008001	2.283035885
1.008801	2.282872614
1.009601	2.282709297
1.010401	2.282545933
1.011201	2.282382524
1.012001	2.282206257
1.012801	2.282042756
1.013601	2.281879209
1.014401	2.281715616
1.015201	2.281551977
1.016001	2.281388291
1.016801	2.28122456
1.017601	2.281060782
1.018401	2.280896958
1.019201	2.280733088
1.020001	2.280569172
1.020801	2.28040521
1.021601	2.280241201
1.022401	2.280092063
1.023201	2.279927966
1.024001	2.279763823
1.024801	2.279599634
1.025601	2.279435398
1.026401	2.279271117
1.027201	2.279106789
1.028001	2.278942415
1.028801	2.278777994
1.029601	2.278628481
1.030401	2.278463972
1.031201	2.278299417
1.032001	2.278134815
1.032801	2.277970167
1.033601	2.277805473
1.034401	2.277655711
1.035201	2.277490928
1.036001	2.277326099
1.036801	2.277161223
1.037601	2.276983512
1.038401	2.276833543
1.039201	2.276668533
1.040001	2.276503477
1.040801	2.276338374
1.041601	2.27618824
1.042401	2.276023049
1.043201	2.275857811
1.044001	2.275707554
1.044801	2.275542228
1.045601	2.275376855
1.046401	2.275226475
1.047201	2.275061013
1.048001	2.274895505
1.048801	2.274745002
1.049601	2.274579405
1.050401	2.274428821
1.051201	2.274263135
1.052001	2.274084625
1.052801	2.273933919
1.053601	2.273768098
1.054401	2.273617311
1.055201	2.273451401
1.056001	2.273300533
1.056801	2.273134534
1.057601	2.272983585
1.058401	2.272804725
1.059201	2.272638591
1.060001	2.272487519
1.060801	2.272336409
1.061601	2.272170143
1.062401	2.272018952
1.063201	2.271852597
1.064001	2.271701325
1.064801	2.271534881
1.065601	2.271370762
1.066401	2.27120423
1.067201	2.271052796
1.068001	2.270901323
1.068801	2.270734659
1.069601	2.270583105
1.070401	2.270418752
1.071201	2.270251956
1.072001	2.270100283
1.072801	2.269933398
1.073601	2.269781643
1.074401	2.26962985
1.075201	2.269450077
1.076001	2.269298204
1.076801	2.269146291
1.077601	2.26899434
1.078401	2.268827149
1.079201	2.268675116
1.080001	2.268510293
1.080801	2.26834297
1.081601	2.268190818
1.082401	2.268038627
1.083201	2.267886397
1.084001	2.2677189
1.084801	2.267566588
1.085601	2.267401492
1.086401	2.267249104
1.087201	2.267081432
1.088001	2.266928962
1.088801	2.266776453
1.089601	2.266623905
1.090401	2.266471318
1.091201	2.266303428
1.092001	2.26613802
1.092801	2.265985314
1.093601	2.265832568
1.094401	2.265679784
1.095201	2.265511676
1.096001	2.26535881
1.096801	2.265205905
1.097601	2.265052961
1.098401	2.264899979
1.099201	2.264731652
1.100001	2.264565856
1.100801	2.264412753
1.101601	2.264259611
1.102401	2.26410643
1.103201	2.26395321
1.104001	2.263799951
1.104801	2.263631321
1.105601	2.26347798
1.106401	2.2633246
1.107201	2.263171181
1.108001	2.263017723
1.108801	2.262864226
1.109601	2.262710689
1.110401	2.262541754
1.111201	2.262388136
1.112001	2.262234479
1.112801	2.262080782
1.113601	2.261927047
1.114401	2.261773272
1.115201	2.261619458
1.116001	2.261465605
1.116801	2.261311713
1.117601	2.261142387
1.118401	2.260988413
1.119201	2.260834399
1.120001	2.260680347
1.120801	2.260526255
1.121601	2.260372124
1.122401	2.260217954
1.123201	2.260063745
1.124001	2.259909496
1.124801	2.259755208
1.125601	2.259600881
1.126401	2.259446515
1.127201	2.25929211
1.128001	2.259137665
1.128801	2.258983181
1.129601	2.258828658
1.130401	2.258674095
1.131201	2.258519494
1.132001	2.258364853
1.132801	2.258210172
1.133601	2.258055453
1.134401	2.257900694
1.135201	2.257745896
1.136001	2.257591058
1.136801	2.257436181
1.137601	2.257281265
1.138401	2.25712631
1.139201	2.256971315
1.140001	2.25681628
1.140801	2.256661207
1.141601	2.256506094
1.142401	2.256350942
1.143201	2.25619575
1.144001	2.256040519
1.144801	2.255900777
1.145601	2.255758159
1.146401	2.255602813
1.147201	2.255447428
1.148001	2.255292002
1.148801	2.255136538
1.149601	2.254981034
1.150401	2.254841047
1.151201	2.254685468
1.152001	2.254529849
1.152801	2.254374191
1.153601	2.254218494
1.154401	2.254062757
1.155201	2.25392256
1.156001	2.253766748
1.156801	2.253610897
1.157601	2.253455006
1.158401	2.25331467
1.159201	2.253158704
1.160001	2.253002699
1.160801	2.252846653
1.161601	2.252706179
1.162401	2.252550059
1.163201	2.252393899
1.164001	2.252237699
1.164801	2.252097086
1.165601	2.251940811
1.166401	2.251784497
1.167201	2.25164378
1.168001	2.251487391
1.168801	2.251330962
1.169601	2.251190141
1.170401	2.251033637
1.171201	2.250877093
1.172001	2.250736169
1.172801	2.25057955
1.173601	2.250422891
1.174401	2.250281863
1.175201	2.250125129
1.176001	2.249968355
1.176801	2.249827224
1.177601	2.249670374
1.178401	2.249529176
1.179201	2.249372251
1.180001	2.249215286
1.180801	2.249073984
1.181601	2.248916943
1.182401	2.248775573
1.183201	2.248618457
1.184001	2.248477019
1.184801	2.248319828
1.185601	2.248162597
1.186401	2.248021055
1.187201	2.247863748
1.188001	2.247722138
1.188801	2.247564756
1.189601	2.247423077
1.190401	2.24726562
1.191201	2.247123873
1.192001	2.24696634
1.192801	2.246824525
1.193601	2.246666916
1.194401	2.246525034
1.195201	2.246367349
1.196001	2.246225398
1.196801	2.246067637
1.197601	2.245925619
1.198401	2.245767782
1.199201	2.245625695
1.200001	2.245467783
1.200801	2.245325627
1.201601	2.245180271
1.202401	2.245038046
1.203201	2.244879981
1.204001	2.244737689
1.204801	2.244579548
1.205601	2.244437187
1.206401	2.244294794
1.207201	2.244136541
1.208001	2.24399408
1.208801	2.243835751
1.209601	2.243693221
1.210401	2.243534817
1.211201	2.243392219
1.212001	2.243262208
1.212801	2.243103691
1.213601	2.242960991
1.214401	2.242802398
1.215201	2.242659629
1.216001	2.24250096
1.216801	2.242358123
1.217601	2.242215254
1.218401	2.242069086
1.219201	2.241926147
1.220001	2.241767288
1.220801	2.241624281
1.221601	2.241481242
1.222401	2.241322271
1.223201	2.241179163
1.224001	2.24104863
1.224801	2.240889546
1.225601	2.240746336
1.226401	2.240587175
1.227201	2.240443897
1.228001	2.240300586
1.228801	2.240141313
1.229601	2.240010535
1.230401	2.239867122
1.231201	2.239707736
1.232001	2.239564254
1.232801	2.239420739
1.233601	2.239261241
1.234401	2.239117657
1.235201	2.238986638
1.236001	2.238842989
1.236801	2.238683341
1.237601	2.238539623
1.238401	2.238395872
1.239201	2.238236111
1.240001	2.238092292
1.240801	2.23796103
1.241601	2.237817145
1.242401	2.237657234
1.243201	2.23751328
1.244001	2.237369293
1.244801	2.237225273
1.245601	2.237081221
1.246401	2.23693371
1.247201	2.236789588
1.248001	2.236645433
1.248801	2.236501246
1.249601	2.236357026
1.250401	2.236212773
1.251201	2.236052454
1.252001	2.235908133
1.252801	2.235763778
1.253601	2.235619392
1.254401	2.235474972
1.255201	2.235343095
1.256001	2.235198609
1.256801	2.23505409
1.257601	2.234909539
1.258401	2.234764955
1.259201	2.234620338
1.260001	2.234475689
1.260801	2.234331006
1.261601	2.23417021
1.262401	2.234025459
1.263201	2.233896763
1.264001	2.23375195
1.264801	2.233607104
1.265601	2.233462225
1.266401	2.233317314
1.267201	2.23317237
1.268001	2.233027393
1.268801	2.232882383
1.269601	2.23273734
1.270401	2.232592265
1.271201	2.232447156
1.272001	2.232302015
1.272801	2.232156842
1.273601	2.232027771
1.274401	2.231882535
1.275201	2.231737266
1.276001	2.231579413
1.276801	2.23143408
1.277601	2.231288713
1.278401	2.231159471
1.279201	2.231014043
1.280001	2.230868582
1.280801	2.230723088
1.281601	2.230593733
1.282401	2.230448177
1.283201	2.230302588
1.284001	2.230144424
1.284801	2.230014955
1.285601	2.229869272
1.286401	2.229723557
1.287201	2.229577808
1.288001	2.229448226
1.288801	2.229302415
1.289601	2.229144036
1.290401	2.22901437
1.291201	2.228868465
1.292001	2.228722527
1.292801	2.228592777
1.293601	2.228446777
1.294401	2.228288215
1.295201	2.228158381
1.296001	2.228012286
1.296801	2.227882397
1.297601	2.227736241
1.298401	2.227577527
1.299201	2.227447554
1.300001	2.227301303
1.300801	2.227171274
1.301601	2.227024961
1.302401	2.226866096
1.303201	2.226735984
1.304001	2.226589576
1.304801	2.226459409
1.305601	2.226312939
1.306401	2.226170202
1.307201	2.22602367
1.308001	2.225893393
1.308801	2.225746799
1.309601	2.225616467
1.310401	2.225457301
1.311201	2.225326914
1.312001	2.225180197
1.312801	2.225049754
1.313601	2.224902974
1.314401	2.224759971
1.315201	2.22461313
1.316001	2.224482577
1.316801	2.224335674
1.317601	2.224205065
1.318401	2.2240456
1.319201	2.223914936
1.320001	2.223767909
1.320801	2.22363719
1.321601	2.2234901
1.322401	2.223359326
1.323201	2.223199681
1.324001	2.223068852
1.324801	2.222921638
1.325601	2.222790753
1.326401	2.222643477
1.327201	2.222512537
1.328001	2.22238157
1.328801	2.222234202
1.329601	2.222090695
1.330401	2.221943265
1.331201	2.221812188
1.332001	2.221664695
1.332801	2.221533563
1.333601	2.221386008
1.334401	2.22125482
1.335201	2.221123606
1.336001	2.220975959
1.336801	2.220844689
1.337601	2.220696979
1.338401	2.220565653
1.339201	2.220405407
1.340001	2.220274027
1.340801	2.220126193
1.341601	2.219994757
1.342401	2.219863294
1.343201	2.219715368
1.344001	2.21958385
1.344801	2.219435861
1.345601	2.219304287
1.346401	2.219156235
1.347201	2.219024606
1.348001	2.21889295
1.348801	2.218744806
1.349601	2.218613094
1.350401	2.218464887
1.351201	2.21833312
1.352001	2.218201326
1.352801	2.218053027
1.353601	2.217921177
1.354401	2.217772815
1.355201	2.217649328
1.356001	2.217492485
1.356801	2.217360523
1.357601	2.217228536
1.358401	2.217080018
1.359201	2.216947975
1.360001	2.216815905
1.360801	2.216667295
1.361601	2.21653517
1.362401	2.216386497
1.363201	2.216254315
1.364001	2.216122108
1.364801	2.215973342
1.365601	2.21585352
1.366401	2.215721229
1.367201	2.21557237
1.368001	2.215440023
1.368801	2.215307649
1.369601	2.215158698
1.370401	2.215026268
1.371201	2.214893813
1.372001	2.214744768
1.372801	2.214612257
1.373601	2.214479719
1.374401	2.214347154
1.375201	2.214197988
1.376001	2.214065367
1.376801	2.21393272
1.377601	2.213800047
1.378401	2.213650758
1.379201	2.213518029
1.380001	2.213385273
1.380801	2.213252491
1.381601	2.213119682
1.382401	2.212957821
1.383201	2.212824957
1.384001	2.212692067
1.384801	2.212559151
1.385601	2.212426208
1.386401	2.212293239
1.387201	2.212143617
1.388001	2.212010592
1.388801	2.21187754
1.389601	2.211744462
1.390401	2.211611357
1.391201	2.211478226
1.392001	2.211345068
1.392801	2.211211884
1.393601	2.211066268
1.394401	2.210933032
1.395201	2.21079977
1.396001	2.210666481
1.396801	2.2105165
1.397601	2.210383155
1.398401	2.210249783
1.399201	2.210103987
1.400001	2.209970563
1.400801	2.209853796
1.401601	2.209720323
1.402401	2.209586824
1.403201	2.209453298
1.404001	2.209307353
1.404801	2.209173775
1.405601	2.209040171
1.406401	2.20890654
1.407201	2.208760495
1.408001	2.208626812
1.408801	2.208493103
1.409601	2.208359367
1.410401	2.208229943
1.411201	2.208096158
1.412001	2.207962347
1.412801	2.20782851
1.413601	2.207682267
1.414401	2.207548377
1.415201	2.207431202
1.416001	2.207284887
1.416801	2.207150922
1.417601	2.207016931
1.418401	2.206887294
1.419201	2.206753254
1.420001	2.206619188
1.420801	2.206472726
1.421601	2.206355373
1.422401	2.206208865
1.423201	2.206074698
1.424001	2.205940504
1.424801	2.205810699
1.425601	2.205676456
1.426401	2.205529826
1.427201	2.20541232
1.428001	2.205278002
1.428801	2.2051313
1.429601	2.205013728
1.430401	2.20486698
1.431201	2.204749364
1.432001	2.20460257
1.432801	2.204468102
1.433601	2.204338071
1.434401	2.204203555
1.435201	2.204085831
1.436001	2.203938918
1.436801	2.203821151
1.437601	2.203674192
1.438401	2.203539551
1.439201	2.203409377
1.440001	2.203274687
1.440801	2.203144473
1.441601	2.203009734
1.442401	2.202879479
1.443201	2.202744692
1.444001	2.202614397
1.444801	2.202479561
1.445601	2.202349225
1.446401	2.20221434
1.447201	2.202083964
1.448001	2.201949031
1.448801	2.201818614
1.449601	2.201683632
1.450401	2.201553175
1.451201	2.2014227
1.452001	2.201287647
1.452801	2.201157131
1.453601	2.201022029
1.454401	2.200891473
1.455201	2.200756322
1.456001	2.200625726
1.456801	2.200507428
1.457601	2.20035989
1.458401	2.200241548
1.459201	2.200093964
1.460001	2.19997558
1.460801	2.199844866
1.461601	2.199709522
1.462401	2.199578768
1.463201	2.199443375
1.464001	2.19931258
1.464801	2.199194071
1.465601	2.199046304
1.466401	2.198927751
1.467201	2.198796879
1.468001	2.198649044
1.468801	2.19853043
1.469601	2.198382549
1.470401	2.198263891
1.471201	2.19813292
1.472001	2.197997264
1.472801	2.197866252
1.473601	2.197747512
1.474401	2.197599495
1.475201	2.197480712
1.476001	2.197349622
1.476801	2.197230799
1.477601	2.197082692
1.478401	2.196963826
1.479201	2.196832658
1.480001	2.196696764
1.480801	2.196565556
1.481601	2.19643433
1.482401	2.196298365
1.483201	2.196167098
1.484001	2.196048087
1.484801	2.195916783
1.485601	2.195780723
1.486401	2.195649378
1.487201	2.195530284
1.488001	2.195398902
1.488801	2.195262748
1.489601	2.195131325
1.490401	2.195012149
1.491201	2.194880689
1.492001	2.194732178
1.492801	2.194612939
1.493601	2.19448142
1.494401	2.194362141
1.495201	2.194213541
1.496001	2.194094219
1.496801	2.193962623
1.497601	2.193831008
1.498401	2.193711627
1.499201	2.193579975
1.500001	2.193443492
1.500801	2.193311799
1.501601	2.193180088
1.502401	2.193060605
1.503201	2.192928857
1.504001	2.192809333
1.504801	2.192677547
1.505601	2.192528661
1.506401	2.192409075
1.507201	2.192277231
1.508001	2.192157605
1.508801	2.192025723
1.509601	2.191893823
1.510401	2.191774138
1.511201	2.1916422
1.512001	2.191510245
1.512801	2.1913905
1.513601	2.191258506
1.514401	2.191126495
1.515201	2.191006691
1.516001	2.190874642
1.516801	2.190742575
1.517601	2.190622711
1.518401	2.190490606
1.519201	2.190358484
1.520001	2.19023856
1.520801	2.1901064
1.521601	2.189974222
1.522401	2.189854239
1.523201	2.189722023
1.524001	2.189589789
1.524801	2.189457538
1.525601	2.189337475
1.526401	2.189205186
1.527201	2.189072878
1.528001	2.188940553
1.528801	2.188820412
1.529601	2.188705215
1.530401	2.188572837
1.531201	2.18844044
1.532001	2.188320223
1.532801	2.188187789
1.533601	2.188055337
1.534401	2.18794005
1.535201	2.187807565
1.536001	2.187675061
1.536801	2.187554729
1.537601	2.187422188
1.538401	2.187306825
1.539201	2.187174251
1.540001	2.187041658
1.540801	2.186909048
1.541601	2.186776419
1.542401	2.186673163
1.543201	2.1865405
1.544001	2.186407818
1.544801	2.186292337
1.545601	2.186159623
1.546401	2.18602689
1.547201	2.185894139
1.548001	2.185778599
1.548801	2.185645815
1.549601	2.185513013
1.550401	2.18539743
1.551201	2.185264595
1.552001	2.185131741
1.552801	2.185016115
1.553601	2.184883228
1.554401	2.184767574
1.555201	2.184634653
1.556001	2.184501715
1.556801	2.184386017
1.557601	2.184253046
1.558401	2.18413732
1.559201	2.184004315
1.560001	2.183871292
1.560801	2.183755523
1.561601	2.183622467
1.562401	2.18350667
1.563201	2.18337358
1.564001	2.183257755
1.564801	2.183124632
1.565601	2.183008778
1.566401	2.182875623
1.567201	2.182747605
1.568001	2.182614417
1.568801	2.182498509
1.569601	2.182365288
1.570401	2.182249351
1.571201	2.182116097
1.572001	2.182000132
1.572801	2.181872029
1.573601	2.181738728
1.574401	2.181622723
1.575201	2.181489389
1.576001	2.181373356
1.576801	2.181257311
1.577601	2.181123928
1.578401	2.180995739
1.579201	2.180862325
1.580001	2.180746225
1.580801	2.180630112
1.581601	2.180496649
1.582401	2.1803684
1.583201	2.180252247
1.584001	2.180118737
1.584801	2.180002557
1.585601	2.179874261
1.586401	2.179740704
1.587201	2.179624484
1.588001	2.179508251
1.588801	2.179392005
1.589601	2.17924629
1.590401	2.179130018
1.591201	2.179013732
1.592001	2.178880065
1.592801	2.178751663
1.593601	2.178635338
1.594401	2.178519
1.595201	2.178390566
1.596001	2.178256823
1.596801	2.178140445
1.597601	2.178024055
1.598401	2.177895574
1.599201	2.177761769
1.600001	2.17764534
1.600801	2.177516824
1.601601	2.17740037
1.602401	2.177283904
1.603201	2.177155355
1.604001	2.177021459
1.604801	2.176904953
1.605601	2.17677637
1.606401	2.17665984
1.607201	2.176543297
1.608001	2.176414681
1.608801	2.176298114
1.609601	2.176152055
1.610401	2.176035461
1.611201	2.175918854
1.612001	2.175790183
1.612801	2.175673552
1.613601	2.175544859
1.614401	2.175428204
1.615201	2.17529949
1.616001	2.175182811
1.616801	2.175054076
1.617601	2.174937372
1.618401	2.174820656
1.619201	2.174691889
1.620001	2.174575148
1.620801	2.17444636
1.621601	2.174317562
1.622401	2.174200786
1.623201	2.174071967
1.624001	2.173955167
1.624801	2.173826327
1.625601	2.173709502
1.626401	2.173580641
1.627201	2.173451771
1.628001	2.173334911
1.628801	2.173223496
1.629601	2.173106614
1.630401	2.172977704
1.631201	2.172848784
1.632001	2.172731866
1.632801	2.172602926
1.633601	2.172473976
1.634401	2.172374514
1.635201	2.172245545
1.636001	2.172116567
1.636801	2.171987579
1.637601	2.171888082
1.638401	2.171759075
1.639201	2.171630058
1.640001	2.171501033
1.640801	2.1714015
1.641601	2.171272455
1.642401	2.171143401
1.643201	2.171031852
1.644001	2.170902781
1.644801	2.170773701
1.645601	2.170674115
1.646401	2.170545016
1.647201	2.170415908
1.648001	2.170304317
1.648801	2.170175191
1.649601	2.170063588
1.650401	2.169934446
1.651201	2.169822829
1.652001	2.16969367
1.652801	2.169582041
1.653601	2.169452865
1.654401	2.169341223
1.655201	2.16921203
1.656001	2.169100375
1.656801	2.168971166
1.657601	2.168859498
1.658401	2.168730272
1.659201	2.168606638
1.660001	2.168494954
1.660801	2.168365705
1.661601	2.168254008
1.662401	2.168124743
1.663201	2.168013033
1.664001	2.167889375
1.664801	2.167760088
1.665601	2.167648361
1.666401	2.167536629
1.667201	2.167412956
1.668001	2.167283639
1.668801	2.167171891
1.669601	2.167048207
1.670401	2.166936449
1.671201	2.166807103
1.672001	2.166683408
1.672801	2.166571634
1.673601	2.166447934
1.674401	2.16633615
1.675201	2.166212444
1.676001	2.166083058
1.676801	2.165971259
1.677601	2.165847542
1.678401	2.165723823
1.679201	2.16561201
1.680001	2.165488287
1.680801	2.165376464
1.681601	2.165252735
1.682401	2.165140904
1.683201	2.165017169
1.684001	2.164893433
1.684801	2.164781589
1.685601	2.164657847
1.686401	2.164534104
1.687201	2.164410358
1.688001	2.164298498
1.688801	2.164174747
1.689601	2.164050995
1.690401	2.163944865
1.691201	2.163832989
1.692001	2.163709231
1.692801	2.163585473
1.693601	2.163461712
1.694401	2.16333795
1.695201	2.163231818
1.696001	2.163108054
1.696801	2.162984289
1.697601	2.162860522
1.698401	2.162754391
1.699201	2.162630623
1.700001	2.162506853
1.700801	2.162400723
1.701601	2.162276952
1.702401	2.162153178
1.703201	2.16204705
1.704001	2.161923275
1.704801	2.161799499
1.705601	2.161693372
1.706401	2.161569594
1.707201	2.161451632
1.708001	2.161327854
1.708801	2.161221732
1.709601	2.161097953
1.710401	2.160980003
1.711201	2.160856225
1.712001	2.160750107
1.712801	2.160626328
1.713601	2.160508391
1.714401	2.160384612
1.715201	2.160278498
1.716001	2.160142905
1.716801	2.160036794
1.717601	2.159918876
1.718401	2.159795099
1.719201	2.159677188
1.720001	2.159571085
1.720801	2.159435509
1.721601	2.159329409
1.722401	2.159211515
1.723201	2.15910542
1.724001	2.158969855
1.724801	2.158863764
1.725601	2.158745886
1.726401	2.158628014
1.727201	2.15852193
1.728001	2.158386382
1.728801	2.158268523
1.729601	2.158162446
1.730401	2.158044596
1.731201	2.157926752
1.732001	2.157808913
1.732801	2.157702847
1.733601	2.157585017
1.734401	2.157467193
1.735201	2.157349374
1.736001	2.157231561
1.736801	2.157113754
1.737601	2.156995952
1.738401	2.156878156
1.739201	2.156760365
1.740001	2.15664258
1.740801	2.156524801
1.741601	2.156407027
1.742401	2.156289259
1.743201	2.156171497
1.744001	2.156071445
1.744801	2.155941964
1.745601	2.155824221
1.746401	2.155706485
1.747201	2.155606462
1.748001	2.155477016
1.748801	2.1553593
1.749601	2.155259299
1.750401	2.155129881
1.751201	2.155012185
1.752001	2.154900498
1.752801	2.154782817
1.753601	2.154671151
1.754401	2.154553484
1.755201	2.154424124
1.756001	2.154312491
1.756801	2.154212563
1.757601	2.154083234
1.758401	2.153971633
1.759201	2.153842327
1.760001	2.153742433
1.760801	2.153630866
1.761601	2.15350159
1.762401	2.153390046
1.763201	2.153278514
1.764001	2.153166994
1.764801	2.153037764
1.765601	2.152926268
1.766401	2.152814783
1.767201	2.152691651
1.768001	2.152580193
1.768801	2.152468747
1.769601	2.152345661
1.770401	2.152234242
1.771201	2.152122834
1.772001	2.151999795
1.772801	2.151888414
1.773601	2.151765407
1.774401	2.151642418
1.775201	2.151548803
1.776001	2.151425846
1.776801	2.151302907
1.777601	2.151179985
1.778401	2.151086427
1.779201	2.150963537
1.780001	2.150858391
1.780801	2.150735537
1.781601	2.150618817
1.782401	2.150496001
1.783201	2.150390928
1.784001	2.150268148
1.784801	2.150151513
1.785601	2.150046496
1.786401	2.149929905
1.787201	2.149807201
1.788001	2.149690655
1.788801	2.149585713
1.789601	2.149469211
1.790401	2.149352732
1.791201	2.149236276
1.792001	2.149119844
1.792801	2.149003435
1.793601	2.148904771
1.794401	2.148788409
1.795201	2.148660515
1.796001	2.148544203
1.796801	2.148445633
1.797601	2.148317822
1.798401	2.1482193
1.799201	2.148091546
1.800001	2.147981537