E_elc_Ry	ks1/2J1/2
0.00081	0
0.00161	0
0.00241	0
0.00321	0
0.00401	0
0.00481	0
0.00561	0
0.00641	0
0.00801	-2.290337081
0.00881	-2.290460553
0.00961	-2.290604647
0.01041	-2.290725305
0.01121	-2.290869493
0.01201	-2.29099312
0.01281	-2.291137397
0.01361	-2.2912611
0.01441	-2.291381975
0.01521	-2.291505753
0.01601	-2.291650204
0.01681	-2.291959128
0.01761	-2.29203038
0.01841	-2.292216308
0.01921	-2.292272648
0.02001	-2.292411703
0.02081	-2.292379737
0.02161	-2.292465279
0.02241	-2.292589385
0.02321	-2.292563067
0.02401	-2.292666745
0.02481	-2.292818068
0.02561	-2.292938412
0.02641	-2.293036355
0.02721	-2.293104081
0.02801	-2.293257455
0.02881	-2.293392898
0.02961	-2.293629182
0.03041	-2.29384479
0.03121	-2.29426791
0.03201	-2.294634469
0.03281	-2.294909915
0.03361	-2.295117712
0.03441	-2.294470497
0.03521	-2.29459245
0.03601	-2.294717174
0.03681	-2.29486001
0.03761	-2.295002905
0.03841	-2.295125046
0.03921	-2.295247233
0.04001	-2.295369466
0.04081	-2.295491743
0.04161	-2.295634906
0.04241	-2.295757282
0.04321	-2.295903236
0.04401	-2.296025704
0.04481	-2.296171754
0.04561	-2.296317852
0.04641	-2.29644046
0.04721	-2.296586654
0.04801	-2.29668846
0.04881	-2.296834743
0.04961	-2.296981073
0.05041	-2.297103908
0.05121	-2.297250334
0.05201	-2.297375881
0.05281	-2.297498849
0.05361	-2.297645413
0.05441	-2.297792024
0.05521	-2.297894179
0.05601	-2.29804088
0.05681	-2.298164075
0.05761	-2.298289898
0.05841	-2.298436736
0.05921	-2.298560066
0.06001	-2.298686007
0.06081	-2.298809424
0.06161	-2.298956447
0.06241	-2.299058944
0.06321	-2.299206057
0.06401	-2.299329654
0.06481	-2.299453297
0.06561	-2.299600554
0.06641	-2.299724291
0.06721	-2.299848074
0.06801	-2.299990453
0.06881	-2.300104312
0.06961	-2.298187998
0.07041	-2.300446391
0.07121	-2.300446793
0.07201	-2.300574425
0.07281	-2.300708389
0.07361	-2.300846127
0.07441	-2.300970263
0.07521	-2.301115556
0.07601	-2.301239791
0.07681	-2.301364072
0.07761	-2.30161766
0.07841	-2.301570495
0.07921	-2.301549357
0.08001	-2.301864093
0.08081	-2.301967441
0.08161	-2.302115577
0.08241	-2.302240172
0.08321	-2.302367226
0.08401	-2.302491909
0.08481	-2.302640232
0.08561	-2.302743811
0.08641	-2.302868629
0.08721	-2.30301709
0.08801	-2.303120784
0.08881	-2.303269336
0.08961	-2.303394336
0.09041	-2.303521747
0.09121	-2.303646836
0.09201	-2.303795576
0.09281	-2.303899501
0.09361	-2.304048332
0.09441	-2.304173603
0.09521	-2.304301253
0.09601	-2.304426613
0.09681	-2.304575632
0.09761	-2.304703402
0.09841	-2.304828899
0.09921	-2.304978058
0.10001	-2.305082332
0.10081	-2.305231582
0.10161	-2.30535955
0.10241	-2.305485273
0.10321	-2.305613319
0.10401	-2.305762752
0.10481	-2.305888612
0.10561	-2.306016778
0.10641	-2.306166352
0.10721	-2.306270972
0.10801	-2.306420636
0.10881	-2.30654896
0.10961	-2.306675088
0.11041	-2.306803489
0.11121	-2.306953337
0.11201	-2.307058187
0.11281	-2.307208126
0.11361	-2.307336685
0.11441	-2.307463082
0.11521	-2.307591719
0.11601	-2.307720393
0.11681	-2.307846922
0.11761	-2.307975674
0.11841	-2.308125931
0.11921	-2.308231123
0.12001	-2.308381472
0.12081	-2.30848674
0.12161	-2.30863718
0.12241	-2.308740381
0.12321	-2.308921269
0.12401	-2.309019993
0.12481	-2.309120956
0.12561	-2.309239441
0.12641	-2.309388015
0.12721	-2.309517223
0.12801	-2.309644362
0.12881	-2.309771549
0.12961	-2.309922437
0.13041	-2.310032333
0.13121	-2.310157563
0.13201	-2.310265431
0.13281	-2.310392833
0.13361	-2.310543941
0.13441	-2.310673502
0.13521	-2.310801043
0.13601	-2.310930683
0.13681	-2.310993469
0.13761	-2.311209657
0.13841	-2.311315756
0.13921	-2.311445554
0.14001	-2.311551724
0.14081	-2.311703244
0.14161	-2.311833159
0.14241	-2.311961104
0.14321	-2.312091098
0.14401	-2.312219133
0.14481	-2.312349207
0.14561	-2.312479317
0.14641	-2.312607486
0.14721	-2.312737676
0.14801	-2.312865936
0.14881	-2.312996205
0.14961	-2.313126512
0.15041	-2.313254905
0.15121	-2.313385291
0.15201	-2.313513775
0.15281	-2.313644241
0.15361	-2.313796498
0.15441	-2.313903362
0.15521	-2.314033945
0.15601	-2.314162653
0.15681	-2.314293316
0.15761	-2.314445803
0.15841	-2.314552859
0.15921	-2.314683639
0.16001	-2.314836263
0.16081	-2.314943433
0.16161	-2.31509615
0.16241	-2.315227091
0.16321	-2.315334375
0.16401	-2.31548723
0.16481	-2.315618288
0.16561	-2.315725687
0.16641	-2.315878679
0.16721	-2.316009855
0.16801	-2.316139241
0.16881	-2.316270498
0.16961	-2.316401791
0.17041	-2.316555014
0.17121	-2.316662687
0.17201	-2.316794098
0.17281	-2.316925547
0.17361	-2.317055247
0.17441	-2.317186776
0.17521	-2.317318342
0.17601	-2.317448177
0.17681	-2.317579825
0.17761	-2.317711509
0.17841	-2.317819522
0.17921	-2.317973245
0.18001	-2.318105048
0.18081	-2.318213176
0.18161	-2.318367037
0.18241	-2.318498958
0.18321	-2.318607203
0.18401	-2.318737485
0.18481	-2.318866109
0.18561	-2.318984694
0.18641	-2.319154044
0.18721	-2.319252294
0.18801	-2.319401426
0.18881	-2.319509924
0.18961	-2.319640504
0.19041	-2.3197728
0.19121	-2.319903472
0.19201	-2.32003585
0.19281	-2.320144541
0.19361	-2.320299073
0.19441	-2.320409484
0.19521	-2.320540378
0.19601	-2.320672949
0.19681	-2.320781831
0.19761	-2.320914477
0.19841	-2.321047162
0.19921	-2.321202008
0.20001	-2.321311043
0.20081	-2.321443847
0.20161	-2.321576688
0.20241	-2.321685835
0.20321	-2.321818751
0.20401	-2.321973869
0.20481	-2.322083132
0.20561	-2.322216168
0.20641	-2.322325505
0.20721	-2.322458616
0.20801	-2.322613961
0.20881	-2.322723415
0.20961	-2.322856646
0.21041	-2.322989916
0.21121	-2.323123223
0.21201	-2.323232825
0.21281	-2.323388442
0.21361	-2.323521869
0.21441	-2.32363159
0.21521	-2.323765092
0.21601	-2.323898633
0.21681	-2.324008465
0.21761	-2.324142081
0.21841	-2.324298016
0.21921	-2.324407965
0.22001	-2.324541702
0.22081	-2.324675477
0.22161	-2.32480929
0.22241	-2.324919389
0.22321	-2.325053278
0.22401	-2.32520953
0.22481	-2.325319747
0.22561	-2.325453756
0.22641	-2.325587804
0.22721	-2.32572189
0.22801	-2.325832257
0.22881	-2.325966419
0.22961	-2.326100619
0.23041	-2.326257234
0.23121	-2.326367757
0.23201	-2.326502078
0.23281	-2.326636438
0.23361	-2.326770835
0.23441	-2.326881509
0.23521	-2.327015983
0.23601	-2.327150495
0.23681	-2.327285046
0.23761	-2.32739587
0.23841	-2.327530497
0.23921	-2.327665162
0.24001	-2.327822321
0.24081	-2.327933302
0.24161	-2.328068089
0.24241	-2.328202914
0.24321	-2.328337778
0.24401	-2.32844891
0.24481	-2.32858385
0.24561	-2.328718829
0.24641	-2.328853846
0.24721	-2.328965129
0.24801	-2.329100223
0.24881	-2.329235356
0.24961	-2.329346752
0.25041	-2.329481962
0.25121	-2.32961721
0.25201	-2.329728719
0.25281	-2.329886602
0.25361	-2.329998193
0.25441	-2.330132393
0.25521	-2.330286821
0.25601	-2.330384344
0.25681	-2.330515086
0.25761	-2.330566208
0.25841	-2.330769556
0.25921	-2.330903991
0.26001	-2.331038478
0.26081	-2.331150395
0.26161	-2.331286132
0.26241	-2.331398124
0.26321	-2.331556578
0.26401	-2.3316913
0.26481	-2.331783032
0.26561	-2.331917828
0.26641	-2.332053797
0.26721	-2.332189805
0.26801	-2.332302064
0.26881	-2.332438149
0.26961	-2.332574273
0.27041	-2.332686647
0.27121	-2.332822848
0.27201	-2.332935297
0.27281	-2.333095368
0.27361	-2.333207894
0.27441	-2.333344251
0.27521	-2.333480647
0.27601	-2.333570546
0.27681	-2.333707013
0.27761	-2.333843518
0.27841	-2.333980063
0.27921	-2.334092851
0.28001	-2.334229474
0.28081	-2.334366135
0.28161	-2.334502836
0.28241	-2.334615777
0.28321	-2.334752555
0.28401	-2.334889373
0.28481	-2.335002429
0.28561	-2.335116506
0.28641	-2.335253434
0.28721	-2.335390401
0.28801	-2.335503605
0.28881	-2.33564065
0.28961	-2.335777734
0.29041	-2.335914857
0.29121	-2.336028216
0.29201	-2.336165417
0.29281	-2.336302658
0.29361	-2.336417055
0.29441	-2.336530561
0.29521	-2.336667912
0.29601	-2.336805303
0.29681	-2.336942733
0.29761	-2.337080202
0.29841	-2.337193902
0.29921	-2.337308522
0.30001	-2.337446103
0.30081	-2.337583722
0.30161	-2.337697571
0.30241	-2.337835269
0.30321	-2.337973006
0.30401	-2.338110783
0.30481	-2.338225627
0.30561	-2.338339663
0.30641	-2.338477551
0.30721	-2.338615479
0.30801	-2.338753446
0.30881	-2.338891452
0.30961	-2.339006487
0.31041	-2.339120751
0.31121	-2.339258869
0.31201	-2.339397026
0.31281	-2.339535223
0.31361	-2.339650417
0.31441	-2.339788687
0.31521	-2.339903178
0.31601	-2.340041526
0.31681	-2.340156846
0.31761	-2.340295267
0.31841	-2.340433727
0.31921	-2.340548407
0.32001	-2.340663854
0.32081	-2.340802426
0.32161	-2.340941038
0.32241	-2.34107969
0.32321	-2.341195263
0.32401	-2.341333987
0.32481	-2.341448929
0.32561	-2.341564595
0.32641	-2.341703432
0.32721	-2.341842308
0.32801	-2.341981224
0.32881	-2.342097017
0.32961	-2.342212181
0.33041	-2.34235121
0.33121	-2.342467097
0.33201	-2.342606198
0.33281	-2.342722146
0.33361	-2.342861947
0.33441	-2.342999913
0.33521	-2.34311596
0.33601	-2.343232645
0.33681	-2.343346929
0.33761	-2.3434869
0.33841	-2.343626306
0.33921	-2.343765752
0.34001	-2.343881987
0.34081	-2.343997676
0.34161	-2.344137235
0.34241	-2.344253564
0.34321	-2.344371035
0.34401	-2.344509586
0.34481	-2.344649292
0.34561	-2.344789037
0.34641	-2.344881689
0.34721	-2.345021507
0.34801	-2.345161366
0.34881	-2.345277945
0.34961	-2.345417876
0.35041	-2.345510682
0.35121	-2.345650687
0.35201	-2.345790732
0.35281	-2.345907467
0.35361	-2.346047585
0.35441	-2.346163908
0.35521	-2.346280737
0.35601	-2.346420507
0.35681	-2.346537859
0.35761	-2.346678165
0.35841	-2.34681851
0.35921	-2.346911658
0.36001	-2.347052077
0.36081	-2.347192536
0.36161	-2.347309616
0.36241	-2.34742631
0.36321	-2.347590722
0.36401	-2.347684057
0.36481	-2.347824704
0.36561	-2.34794194
0.36641	-2.348082661
0.36721	-2.348199581
0.36801	-2.348316912
0.36881	-2.348457746
0.36961	-2.348575139
0.37041	-2.348716048
0.37121	-2.348856996
0.37201	-2.348950642
0.37281	-2.349091664
0.37361	-2.349209214
0.37441	-2.349350311
0.37521	-2.349491447
0.37601	-2.349585248
0.37681	-2.349726459
0.37761	-2.349844166
0.37841	-2.349985451
0.37921	-2.350126776
0.38001	-2.350244578
0.38081	-2.350362132
0.38161	-2.350479996
0.38241	-2.350621469
0.38321	-2.350739395
0.38401	-2.350880943
0.38481	-2.351022532
0.38561	-2.351116705
0.38641	-2.351258368
0.38721	-2.351376451
0.38801	-2.351518188
0.38881	-2.351636334
0.38961	-2.351778145
0.39041	-2.351896352
0.39121	-2.352014389
0.39201	-2.352156316
0.39281	-2.352274619
0.39361	-2.35241662
0.39441	-2.352534985
0.39521	-2.35267706
0.39601	-2.352795487
0.39681	-2.352913787
0.39761	-2.353032276
0.39841	-2.353174501
0.39921	-2.353293052
0.40001	-2.353435352
0.40081	-2.353553965
0.40161	-2.353696339
0.40241	-2.353791163
0.40321	-2.353933612
0.40401	-2.35405235
0.40481	-2.354194874
0.40561	-2.354313674
0.40641	-2.354456273
0.40721	-2.354575136
0.40801	-2.354717809
0.40881	-2.354812881
0.40961	-2.354955629
0.41041	-2.355074616
0.41121	-2.355217439
0.41201	-2.35533649
0.41281	-2.355455568
0.41361	-2.3555985
0.41441	-2.355717641
0.41521	-2.355836794
0.41601	-2.355955997
0.41681	-2.356099079
0.41761	-2.356218346
0.41841	-2.356361503
0.41921	-2.356456976
0.42001	-2.356624105
0.42081	-2.356719575
0.42161	-2.35683902
0.42241	-2.356982362
0.42321	-2.357491444
0.42401	-2.357221306
0.42481	-2.357364751
0.42561	-2.357460463
0.42641	-2.357603983
0.42721	-2.357723614
0.42801	-2.357867209
0.42881	-2.357986903
0.42961	-2.358106717
0.43041	-2.358226473
0.43121	-2.358346258
0.43201	-2.358490039
0.43281	-2.358609887
0.43361	-2.358729763
0.43441	-2.358873653
0.43521	-2.358993593
0.43601	-2.359113701
0.43681	-2.359233704
0.43761	-2.359353735
0.43841	-2.35949781
0.43921	-2.359617905
0.44001	-2.359738028
0.44081	-2.359882213
0.44161	-2.360002399
0.44241	-2.360098755
0.44321	-2.360243051
0.44401	-2.360363329
0.44481	-2.360483636
0.44561	-2.360628041
0.44641	-2.360748411
0.44721	-2.36086881
0.44801	-2.361013326
0.44881	-2.361109928
0.44961	-2.361230419
0.45041	-2.361375045
0.45121	-2.361495599
0.45201	-2.361616182
0.45281	-2.361760919
0.45361	-2.361881564
0.45441	-2.361978379
0.45521	-2.362147087
0.45601	-2.362243965
0.45681	-2.362364732
0.45761	-2.362485528
0.45841	-2.36263052
0.45921	-2.36275138
0.46001	-2.362872267
0.46081	-2.363017371
0.46161	-2.363114462
0.46241	-2.363235443
0.46321	-2.363380657
0.46401	-2.363501701
0.46481	-2.363622774
0.46561	-2.363743876
0.46641	-2.363889236
0.46721	-2.364010401
0.46801	-2.364131595
0.46881	-2.364253206
0.46961	-2.364374464
0.47041	-2.36449575
0.47121	-2.364617066
0.47201	-2.364762683
0.47281	-2.364884063
0.47361	-2.365005471
0.47441	-2.365126909
0.47521	-2.365272672
0.47601	-2.365394173
0.47681	-2.365491842
0.47761	-2.365613402
0.47841	-2.365759311
0.47921	-2.365880934
0.48001	-2.366002586
0.48081	-2.366124267
0.48161	-2.366270323
0.48241	-2.366392068
0.48321	-2.366513842
0.48401	-2.366635645
0.48481	-2.366781848
0.48561	-2.366879854
0.48641	-2.367001751
0.48721	-2.367123676
0.48801	-2.36724563
0.48881	-2.367392014
0.48961	-2.367514033
0.49041	-2.36763608
0.49121	-2.367758157
0.49201	-2.367904688
0.49281	-2.368026829
0.49361	-2.368148999
0.49441	-2.368271198
0.49521	-2.368369566
0.49601	-2.368516279
0.49681	-2.368638571
0.49761	-2.368760893
0.49841	-2.368883244
0.49921	-2.369005625
0.50001	-2.369128034
0.50081	-2.369274964
0.50161	-2.369397437
0.50241	-2.36951994
0.50321	-2.369642472
0.50401	-2.369765034
0.50481	-2.369887624
0.50561	-2.370010913
0.50641	-2.370133568
0.50721	-2.370256252
0.50801	-2.370378966
0.50881	-2.370501709
0.50961	-2.370624481
0.51041	-2.370771847
0.51121	-2.370894683
0.51201	-2.371017549
0.51281	-2.371116586
0.51361	-2.371264099
0.51441	-2.371363935
0.51521	-2.371509307
0.51601	-2.371633068
0.51681	-2.371756116
0.51761	-2.371880714
0.51841	-2.371972321
0.51921	-2.372123891
0.52001	-2.372247823
0.52081	-2.372371012
0.52161	-2.372495021
0.52241	-2.372618275
0.52321	-2.372741558
0.52401	-2.372865679
0.52481	-2.372800232
0.52561	-2.373110763
0.52641	-2.373234985
0.52721	-2.373358415
0.52801	-2.373481875
0.52881	-2.373605364
0.52961	-2.373728883
0.53041	-2.373828575
0.53121	-2.373976872
0.53201	-2.374100485
0.53281	-2.374224128
0.53361	-2.3743478
0.53441	-2.374471502
0.53521	-2.374595233
0.53601	-2.374718994
0.53681	-2.374842784
0.53761	-2.374966604
0.53841	-2.375066599
0.53921	-2.375190478
0.54001	-2.375314387
0.54081	-2.375438325
0.54161	-2.375562292
0.54241	-2.37568629
0.54321	-2.375835126
0.54401	-2.375959188
0.54481	-2.37608328
0.54561	-2.376207402
0.54641	-2.376331553
0.54721	-2.376431881
0.54801	-2.376556092
0.54881	-2.376680332
0.54961	-2.376804602
0.55041	-2.376928902
0.55121	-2.377053231
0.55201	-2.37717759
0.55281	-2.377301979
0.55361	-2.377426397
0.55441	-2.377550845
0.55521	-2.377675322
0.55601	-2.377751074
0.55681	-2.377900516
0.55761	-2.378025083
0.55841	-2.378149679
0.55921	-2.378274306
0.56001	-2.378398962
0.56081	-2.378523648
0.56161	-2.378648364
0.56241	-2.378773109
0.56321	-2.378897884
0.56401	-2.379022689
0.56481	-2.379147524
0.56561	-2.379272388
0.56641	-2.379397283
0.56721	-2.379498358
0.56801	-2.379623312
0.56881	-2.379748296
0.56961	-2.379873309
0.57041	-2.379998353
0.57121	-2.380123426
0.57201	-2.38024853
0.57281	-2.380373663
0.57361	-2.380498826
0.57441	-2.380624018
0.57521	-2.380749241
0.57601	-2.380874493
0.57681	-2.380999776
0.57761	-2.381125088
0.57841	-2.381225359
0.57921	-2.381326879
0.58001	-2.381452276
0.58081	-2.381577702
0.58161	-2.381703158
0.58241	-2.381828644
0.58321	-2.38195416
0.58401	-2.382079705
0.58481	-2.382205281
0.58561	-2.382330887
0.58641	-2.382456522
0.58721	-2.382582188
0.58801	-2.382707884
0.58881	-2.382833609
0.58961	-2.382959365
0.59041	-2.383059991
0.59121	-2.3831858
0.59201	-2.38331164
0.59281	-2.383437509
0.59361	-2.383563409
0.59441	-2.383689338
0.59521	-2.383815298
0.59601	-2.383941288
0.59681	-2.384043467
0.59761	-2.384144305
0.59841	-2.384270379
0.59921	-2.384396483
0.60001	-2.384522617
0.60081	-2.384648781
0.60161	-2.384774976
0.60241	-2.3849012
0.60321	-2.385027455
0.60401	-2.38512848
0.60481	-2.385254789
0.60561	-2.385381127
0.60641	-2.385507496
0.60721	-2.385633895
0.60801	-2.385760325
0.60881	-2.38586149
0.60961	-2.385987973
0.61041	-2.386114487
0.61121	-2.386241031
0.61201	-2.386367605
0.61281	-2.386494209
0.61361	-2.386595514
0.61441	-2.386722172
0.61521	-2.386848861
0.61601	-2.386974065
0.61681	-2.387094727
0.61761	-2.387205275
0.61841	-2.387330553
0.61921	-2.387457387
0.62001	-2.387582705
0.62081	-2.38770494
0.62161	-2.387818909
0.62241	-2.387942757
0.62321	-2.388044347
0.62401	-2.388195194
0.62481	-2.388296828
0.62561	-2.388423898
0.62641	-2.388550998
0.62721	-2.3886527
0.62801	-2.388806897
0.62881	-2.38890704
0.62961	-2.389034256
0.63041	-2.389161501
0.63121	-2.389288778
0.63201	-2.38939062
0.63281	-2.389517951
0.63361	-2.389645312
0.63441	-2.389747222
0.63521	-2.389850813
0.63601	-2.389978259
0.63681	-2.390105736
0.63761	-2.390207739
0.63841	-2.390335271
0.63921	-2.390462832
0.64001	-2.390590425
0.64081	-2.39069252
0.64161	-2.390820167
0.64241	-2.390947845
0.64321	-2.391075552
0.64401	-2.39117774
0.64481	-2.391305503
0.64561	-2.391433296
0.64641	-2.391561119
0.64721	-2.3916634
0.64801	-2.391791278
0.64881	-2.391919187
0.64961	-2.392047126
0.65041	-2.3921495
0.65121	-2.392277494
0.65201	-2.392405518
0.65281	-2.39250796
0.65361	-2.392636039
0.65441	-2.392764149
0.65521	-2.392868473
0.65601	-2.392971008
0.65681	-2.393099204
0.65761	-2.39322743
0.65841	-2.393330033
0.65921	-2.393458315
0.66001	-2.393586626
0.66081	-2.393714969
0.66161	-2.393817665
0.66241	-2.393946062
0.66321	-2.39407449
0.66401	-2.394177255
0.66481	-2.394281926
0.66561	-2.394434252
0.66641	-2.394562796
0.66721	-2.394665654
0.66801	-2.394794253
0.66881	-2.394922883
0.66961	-2.395025809
0.67041	-2.395154495
0.67121	-2.39528321
0.67201	-2.395386205
0.67281	-2.395514976
0.67361	-2.39561997
0.67441	-2.395723034
0.67521	-2.395851892
0.67601	-2.39598078
0.67681	-2.396083912
0.67761	-2.396212855
0.67841	-2.396341829
0.67921	-2.396445031
0.68001	-2.39657406
0.68081	-2.39670312
0.68161	-2.39680639
0.68241	-2.396935505
0.68321	-2.397064651
0.68401	-2.39716799
0.68481	-2.397297192
0.68561	-2.397426424
0.68641	-2.397529832
0.68721	-2.397659119
0.68801	-2.397788438
0.68881	-2.397891914
0.68961	-2.398021288
0.69041	-2.398150693
0.69121	-2.398254238
0.69201	-2.398383698
0.69281	-2.398513189
0.69361	-2.398616804
0.69441	-2.39874635
0.69521	-2.398826213
0.69601	-2.398955815
0.69681	-2.399085449
0.69761	-2.399189177
0.69841	-2.399318866
0.69921	-2.399448585
0.70001	-2.399552383
0.70081	-2.399682158
0.70161	-2.399786001
0.70241	-2.399915831
0.70321	-2.400045693
0.70401	-2.400149604
0.70481	-2.400279521
0.70561	-2.400383477
0.70641	-2.40051345
0.70721	-2.400643454
0.70801	-2.400747479
0.70881	-2.400877539
0.70961	-2.400981609
0.71041	-2.401111724
0.71121	-2.40124187
0.71201	-2.401346009
0.71281	-2.401476211
0.71361	-2.401580395
0.71441	-2.401710652
0.71521	-2.40181488
0.71601	-2.401945194
0.71681	-2.402075538
0.71761	-2.402179836
0.71841	-2.402310236
0.71921	-2.402414579
0.72001	-2.402545035
0.72081	-2.402649422
0.72161	-2.402756153
0.72241	-2.402886697
0.72321	-2.402991154
0.72401	-2.403121753
0.72481	-2.403226255
0.72561	-2.40335691
0.72641	-2.403463818
0.72721	-2.403596999
0.72801	-2.403720536
0.72881	-2.403827526
0.72961	-2.403958325
0.73041	-2.404062986
0.73121	-2.404196239
0.73201	-2.404339462
0.73281	-2.404422222
0.73361	-2.40453179
0.73441	-2.404662749
0.73521	-2.404767539
0.73601	-2.404898555
0.73681	-2.405005831
0.73761	-2.405110691
0.73841	-2.405277842
0.73921	-2.40534424
0.74001	-2.405475393
0.74081	-2.405606577
0.74161	-2.405711546
0.74241	-2.405819019
0.74321	-2.405924034
0.74401	-2.406055331
0.74481	-2.406160391
0.74561	-2.406291744
0.74641	-2.406396848
0.74721	-2.406528258
0.74801	-2.406633407
0.74881	-2.406764873
0.74961	-2.406870067
0.75041	-2.407001589
0.75121	-2.407106828
0.75201	-2.407238406
0.75281	-2.407343691
0.75361	-2.407475325
0.75441	-2.407580655
0.75521	-2.407712345
0.75601	-2.40781772
0.75681	-2.407923115
0.75761	-2.408054887
0.75841	-2.408160327
0.75921	-2.408292155
0.76001	-2.40839764
0.76081	-2.408529524
0.76161	-2.408635054
0.76241	-2.408766995
0.76321	-2.40887257
0.76401	-2.408954414
0.76481	-2.409086437
0.76561	-2.409192078
0.76641	-2.409324157
0.76721	-2.409429843
0.76801	-2.409561979
0.76881	-2.409667711
0.76961	-2.409773462
0.77041	-2.40990568
0.77121	-2.410011476
0.77201	-2.410143751
0.77281	-2.410249593
0.77361	-2.410381923
0.77441	-2.41048781
0.77521	-2.410593718
0.77601	-2.41072613
0.77681	-2.410832083
0.77761	-2.410964552
0.77841	-2.41107055
0.77921	-2.411176567
0.78001	-2.411309118
0.78081	-2.411415182
0.78161	-2.411547789
0.78241	-2.411653898
0.78321	-2.411760026
0.78401	-2.411892716
0.78481	-2.41199889
0.78561	-2.412131636
0.78641	-2.412237856
0.78721	-2.412344095
0.78801	-2.412476923
0.78881	-2.412583208
0.78961	-2.412689514
0.79041	-2.412822424
0.79121	-2.412928774
0.79201	-2.413061741
0.79281	-2.413168137
0.79361	-2.413250823
0.79441	-2.413383872
0.79521	-2.413490335
0.79601	-2.413596817
0.79681	-2.413729949
0.79761	-2.413836477
0.79841	-2.413943025
0.79921	-2.414076239
0.80001	-2.414182833
0.80081	-2.414316104
0.80161	-2.414422743
0.80241	-2.414529403
0.80321	-2.414662756
0.80401	-2.414769461
0.80481	-2.414876186
0.80561	-2.415009621
0.80641	-2.415116392
0.80721	-2.415223184
0.80801	-2.415356701
0.80881	-2.415463538
0.80961	-2.415570395
0.81041	-2.415703995
0.81121	-2.415810898
0.81201	-2.415917821
0.81281	-2.416051503
0.81361	-2.416158472
0.81441	-2.416265461
0.81521	-2.416399226
0.81601	-2.41650626
0.81681	-2.416613315
0.81761	-2.416720391
0.81841	-2.416854263
0.81921	-2.416961384
0.82001	-2.417068526
0.82081	-2.417202481
0.82161	-2.417309668
0.82241	-2.417416876
0.82321	-2.417550913
0.82401	-2.417658167
0.82481	-2.41776544
0.82561	-2.417872734
0.82641	-2.41800688
0.82721	-2.418114219
0.82801	-2.418221579
0.82881	-2.418355808
0.82961	-2.418463214
0.83041	-2.41857064
0.83121	-2.418678087
0.83201	-2.418812423
0.83281	-2.418919916
0.83361	-2.419027429
0.83441	-2.419134962
0.83521	-2.419269407
0.83601	-2.419376986
0.83681	-2.419484585
0.83761	-2.419592205
0.83841	-2.419726759
0.83921	-2.419834424
0.84001	-2.419942111
0.84081	-2.420049817
0.84161	-2.420184479
0.84241	-2.420292232
0.84321	-2.420400004
0.84401	-2.420507798
0.84481	-2.420615612
0.84561	-2.420753682
0.84641	-2.420858267
0.84721	-2.420966148
0.84801	-2.421101027
0.84881	-2.421208953
0.84961	-2.4213169
0.85041	-2.421424867
0.85121	-2.421512486
0.85201	-2.421644184
0.85281	-2.421752219
0.85361	-2.421860274
0.85441	-2.421995371
0.85521	-2.422103472
0.85601	-2.422211593
0.85681	-2.422346773
0.85761	-2.422421169
0.85841	-2.422559757
0.85921	-2.42266796
0.86001	-2.422803242
0.86081	-2.422911491
0.86161	-2.42301976
0.86241	-2.42312805
0.86321	-2.423212687
0.86401	-2.423348104
0.86481	-2.423456461
0.86561	-2.423564839
0.86641	-2.423673237
0.86721	-2.423781656
0.86801	-2.423917208
0.86881	-2.424025673
0.86961	-2.424134158
0.87041	-2.424242664
0.87121	-2.424351191
0.87201	-2.424459738
0.87281	-2.424595451
0.87361	-2.424704044
0.87441	-2.424812658
0.87521	-2.424921292
0.87601	-2.425029947
0.87681	-2.425138623
0.87761	-2.425274496
0.87841	-2.425383218
0.87921	-2.42549196
0.88001	-2.425600723
0.88081	-2.425709507
0.88161	-2.425818311
0.88241	-2.425954345
0.88321	-2.426063196
0.88401	-2.426172067
0.88481	-2.426280959
0.88561	-2.426389871
0.88641	-2.426498804
0.88721	-2.426607758
0.88801	-2.426743979
0.88881	-2.426852979
0.88961	-2.426961999
0.89041	-2.42707104
0.89121	-2.427180102
0.89201	-2.427289185
0.89281	-2.427398288
0.89361	-2.427534696
0.89441	-2.427643845
0.89521	-2.427729371
0.89601	-2.427838563
0.89681	-2.427947775
0.89761	-2.428057008
0.89841	-2.428166262
0.89921	-2.428275536
0.90001	-2.428412158
0.90081	-2.428521479
0.90161	-2.42863082
0.90241	-2.428740182
0.90321	-2.428849565
0.90401	-2.428958968
0.90481	-2.429068393
0.90561	-2.429177837
0.90641	-2.429287303
0.90721	-2.429424164
0.90801	-2.429506296
0.90881	-2.429643209
0.90961	-2.429752763
0.91041	-2.429862337
0.91121	-2.429971932
0.91201	-2.430081548
0.91281	-2.430191184
0.91361	-2.430300841
0.91441	-2.430410519
0.91521	-2.430520218
0.91601	-2.430629937
0.91681	-2.430767115
0.91761	-2.430876882
0.91841	-2.430986668
0.91921	-2.431096476
0.92001	-2.431206304
0.92081	-2.431316153
0.92161	-2.431426023
0.92241	-2.431535913
0.92321	-2.431645825
0.92401	-2.431755757
0.92481	-2.43186571
0.92561	-2.431975683
0.92641	-2.432062063
0.92721	-2.432172079
0.92801	-2.432309628
0.92881	-2.432419691
0.92961	-2.432529774
0.93041	-2.432639878
0.93121	-2.432750004
0.93201	-2.43286015
0.93281	-2.432970316
0.93361	-2.433080504
0.93441	-2.433190712
0.93521	-2.433300942
0.93601	-2.433411192
0.93681	-2.433521462
0.93761	-2.433631754
0.93841	-2.433742067
0.93921	-2.4338524
0.94001	-2.433962754
0.94081	-2.434073129
0.94161	-2.434183525
0.94241	-2.434293942
0.94321	-2.434404379
0.94401	-2.434514837
0.94481	-2.434625317
0.94561	-2.434735817
0.94641	-2.434846338
0.94721	-2.43495688
0.94801	-2.435067442
0.94881	-2.435178026
0.94961	-2.43528863
0.95041	-2.435399256
0.95121	-2.435509902
0.95201	-2.435620569
0.95281	-2.435731257
0.95361	-2.435841966
0.95441	-2.435952695
0.95521	-2.436063446
0.95601	-2.436174218
0.95681	-2.43628501
0.95761	-2.436395823
0.95841	-2.436506658
0.95921	-2.436617513
0.96001	-2.436728389
0.96081	-2.436839286
0.96161	-2.436950204
0.96241	-2.437061143
0.96321	-2.437172103
0.96401	-2.437283083
0.96481	-2.437394085
0.96561	-2.437505107
0.96641	-2.437616151
0.96721	-2.437727215
0.96801	-2.437838301
0.96881	-2.437949407
0.96961	-2.438060535
0.97041	-2.438143894
0.97121	-2.438253282
0.97201	-2.438394042
0.97281	-2.438477449
0.97361	-2.438588676
0.97441	-2.438699923
0.97521	-2.438811192
0.97601	-2.438922482
0.97681	-2.439029526
0.97761	-2.439162329
0.97841	-2.439260757
0.97921	-2.43934429
0.98001	-2.439455686
0.98081	-2.439567102
0.98161	-2.439702099
0.98241	-2.43978569
0.98321	-2.439897163
0.98401	-2.439959191
0.98481	-2.440128828
0.98561	-2.440236043
0.98641	-2.440347607
0.98721	-2.440431294
0.98801	-2.440542894
0.98881	-2.440654516
0.98961	-2.440766158
0.99041	-2.440877822
0.99121	-2.440989507
0.99201	-2.441101212
0.99281	-2.441212939
0.99361	-2.441296748
0.99441	-2.441408511
0.99521	-2.441520296
0.99601	-2.441632102
0.99681	-2.441743929
0.99761	-2.441855776
0.99841	-2.441967645
0.99921	-2.442079535
1.00001	-2.442163466
1.00081	-2.442275393
1.00161	-2.442387341
1.00241	-2.44249931
1.00321	-2.4426113
1.00401	-2.442723311
1.00481	-2.442835344
1.00561	-2.442947397
1.00641	-2.443031451
1.00721	-2.443143541
1.00801	-2.443255652
1.00881	-2.443367785
1.00961	-2.443479939
1.01041	-2.443592113
1.01121	-2.443704309
1.01201	-2.44378847
1.01281	-2.443900703
1.01361	-2.444012956
1.01441	-2.444125231
1.01521	-2.444237528
1.01601	-2.444349845
1.01681	-2.444434097
1.01761	-2.444546451
1.01841	-2.444658826
1.01921	-2.444771223
1.02001	-2.444883641
1.02081	-2.44499608
1.02161	-2.445080423
1.02241	-2.445192899
1.02321	-2.445281882
1.02401	-2.445394401
1.02481	-2.445506941
1.02561	-2.445619503
1.02641	-2.445703938
1.02721	-2.445816536
1.02801	-2.445929156
1.02881	-2.446041797
1.02961	-2.446154459
1.03041	-2.446267143
1.03121	-2.446351669
1.03201	-2.446464389
1.03281	-2.446577131
1.03361	-2.446689894
1.03441	-2.446802678
1.03521	-2.44688728
1.03601	-2.447000101
1.03681	-2.447112943
1.03761	-2.447225806
1.03841	-2.447338691
1.03921	-2.447423369
1.04001	-2.447536291
1.04081	-2.447649234
1.04161	-2.44796438
1.04241	-2.447875184
1.04321	-2.447959937
1.04401	-2.448072959
1.04481	-2.448186003
1.04561	-2.448299069
1.04641	-2.448412155
1.04721	-2.448496984
1.04801	-2.448610108
1.04881	-2.448723253
1.04961	-2.448836419
1.05041	-2.448949606
1.05121	-2.449034511
1.05201	-2.449147735
1.05281	-2.449260981
1.05361	-2.449374248
1.05441	-2.449459213
1.05521	-2.449572517
1.05601	-2.449685843
1.05681	-2.44979919
1.05761	-2.449889084
1.05841	-2.449974124
1.05921	-2.450087531
1.06001	-2.450200959
1.06081	-2.450314408
1.06161	-2.450399509
1.06241	-2.450512995
1.06321	-2.450626503
1.06401	-2.450740032
1.06481	-2.450825193
1.06561	-2.450938759
1.06641	-2.451052347
1.06721	-2.451165956
1.06801	-2.451251177
1.06881	-2.451364823
1.06961	-2.451478491
1.07041	-2.45159218
1.07121	-2.451677461
1.07201	-2.451791187
1.07281	-2.451904935
1.07361	-2.452018704
1.07441	-2.452104045
1.07521	-2.452217851
1.07601	-2.452331679
1.07681	-2.452417064
1.07761	-2.452530929
1.07841	-2.452644815
1.07921	-2.452758723
1.08001	-2.452844168
1.08081	-2.452958114
1.08161	-2.45307208
1.08241	-2.453186068
1.08321	-2.453271573
1.08401	-2.453385599
1.08481	-2.453499646
1.08561	-2.453585195
1.08641	-2.453699279
1.08721	-2.453813385
1.08801	-2.453898978
1.08881	-2.454013121
1.08961	-2.454127286
1.09041	-2.454241472
1.09121	-2.454327125
1.09201	-2.454441349
1.09281	-2.454555594
1.09361	-2.454641291
1.09441	-2.454732142
1.09521	-2.454846447
1.09601	-2.45493219
1.09681	-2.455046532
1.09761	-2.455160896
1.09841	-2.455275281
1.09921	-2.455361084
1.10001	-2.455475506
1.10081	-2.455589951
1.10161	-2.455675798
1.10241	-2.45579028
1.10321	-2.455904783
1.10401	-2.456019307
1.10481	-2.456110434
1.10561	-2.456214552
1.10641	-2.456305713
1.10721	-2.456420312
1.10801	-2.456534934
1.10881	-2.456620914
1.10961	-2.456735572
1.11041	-2.45682684
1.11121	-2.456941542
1.11201	-2.457048671
1.11281	-2.457149902
1.11361	-2.45724652
1.11441	-2.457337883
1.11521	-2.457452676
1.11601	-2.457567491
1.11681	-2.457682327
1.11761	-2.457773781
1.11841	-2.457899301
1.11921	-2.4579429
1.12001	-2.458073764
1.12081	-2.458194019
1.12161	-2.458280228
1.12241	-2.458395192
1.12321	-2.458486782
1.12401	-2.45860179
1.12481	-2.45868806
1.12561	-2.458803106
1.12641	-2.458918173
1.12721	-2.459004488
1.12801	-2.459119593
1.12881	-2.459205936
1.12961	-2.459321079
1.13041	-2.459436243
1.13121	-2.459522631
1.13201	-2.459637833
1.13281	-2.459753056
1.13361	-2.459839488
1.13441	-2.459954749
1.13521	-2.46004121
1.13601	-2.460156509
1.13681	-2.460271829
1.13761	-2.460358334
1.13841	-2.460473692
1.13921	-2.460536848
1.14001	-2.460652245
1.14081	-2.460738808
1.14161	-2.460854243
1.14241	-2.460969699
1.14321	-2.461056306
1.14401	-2.4611718
1.14481	-2.461258435
1.14561	-2.461373967
1.14641	-2.461489521
1.14721	-2.461576201
1.14801	-2.461691792
1.14881	-2.4617785
1.14961	-2.46189413
1.15041	-2.461980866
1.15121	-2.462096533
1.15201	-2.462212222
1.15281	-2.462299003
1.15361	-2.46241473
1.15441	-2.462501539
1.15521	-2.462617304
1.15601	-2.462704141
1.15681	-2.462819944
1.15761	-2.46290681
1.15841	-2.46302265
1.15921	-2.463109544
1.16001	-2.463225423
1.16081	-2.463341322
1.16161	-2.463428262
1.16241	-2.463544199
1.16321	-2.463631167
1.16401	-2.463723796
1.16481	-2.463810793
1.16561	-2.463926808
1.16641	-2.464013833
1.16721	-2.464129886
1.16801	-2.46421694
1.16881	-2.46433303
1.16961	-2.464420112
1.17041	-2.464536241
1.17121	-2.464652391
1.17201	-2.464739518
1.17281	-2.464855706
1.17361	-2.464942861
1.17441	-2.465059087
1.17521	-2.465146271
1.17601	-2.465262535
1.17681	-2.465349748
1.17761	-2.46546605
1.17841	-2.465553291
1.17921	-2.465669631
1.18001	-2.4657569
1.18081	-2.465873278
1.18161	-2.465960576
1.18241	-2.466076992
1.18321	-2.466164318
1.18401	-2.466280772
1.18481	-2.466368127
1.18561	-2.466484619
1.18641	-2.466572003
1.18721	-2.466688533
1.18801	-2.466775945
1.18881	-2.466892513
1.18961	-2.466979953
1.19041	-2.467096559
1.19121	-2.467160717
1.19201	-2.467277362
1.19281	-2.467364861
1.19361	-2.467481544
1.19441	-2.467569071
1.19521	-2.467656611
1.19601	-2.467773349
1.19681	-2.467860916
1.19761	-2.467977692
1.19841	-2.468065289
1.19921	-2.468182103
1.20001	-2.468269728
1.20081	-2.46838658
1.20161	-2.468474234
1.20241	-2.468591124
1.20321	-2.468678806
1.20401	-2.468795735
1.20481	-2.468883446
1.20561	-2.469000412
1.20641	-2.469088152
1.20721	-2.469175903
1.20801	-2.469292925
1.20881	-2.469380705
1.20961	-2.469497764
1.21041	-2.469585573
1.21121	-2.469702671
1.21201	-2.469790508
1.21281	-2.469878358
1.21361	-2.46999551
1.21441	-2.470083388
1.21521	-2.470200578
1.21601	-2.470288485
1.21681	-2.470405714
1.21761	-2.47049365
1.21841	-2.470581598
1.21921	-2.470698881
1.22001	-2.470786857
1.22081	-2.470904179
1.22161	-2.470992184
1.22241	-2.471109543
1.22321	-2.471197577
1.22401	-2.471285624
1.22481	-2.471403038
1.22561	-2.471491113
1.22641	-2.471608565
1.22721	-2.471696669
1.22801	-2.471784785
1.22881	-2.471902292
1.22961	-2.471990436
1.23041	-2.472107982
1.23121	-2.472196155
1.23201	-2.472284341
1.23281	-2.472401941
1.23361	-2.472490155
1.23441	-2.472607793
1.23521	-2.472696036
1.23601	-2.472784292
1.23681	-2.472901985
1.23761	-2.472990269
1.23841	-2.473078565
1.23921	-2.473196313
1.24001	-2.473284638
1.24081	-2.473372976
1.24161	-2.473490778
1.24241	-2.473579145
1.24321	-2.473667523
1.24401	-2.473785381
1.24481	-2.473873788
1.24561	-2.473962208
1.24641	-2.474073876
1.24721	-2.474151579
1.24801	-2.474263283
1.24881	-2.474351761
1.24961	-2.474440252
1.25041	-2.474581491
1.25121	-2.474670009
1.25201	-2.47475854
1.25281	-2.474847083
1.25361	-2.474958865
1.25441	-2.475058057
1.25521	-2.475138004
1.25601	-2.475243533
1.25681	-2.475355377
1.25761	-2.475444007
1.25841	-2.47553265
1.25921	-2.475621305
1.26001	-2.475733192
1.26081	-2.475821871
1.26161	-2.4727986
1.26241	-2.476047907
1.26321	-2.47613028
1.26401	-2.476219023
1.26481	-2.476307778
1.26561	-2.476449349
1.26641	-2.476538132
1.26721	-2.476626927
1.26801	-2.476715735
1.26881	-2.476834164
1.26961	-2.476923
1.27041	-2.477011849
1.27121	-2.477130334
1.27201	-2.477219211
1.27281	-2.477308101
1.27361	-2.477397004
1.27441	-2.47751556
1.27521	-2.477604491
1.27601	-2.477693435
1.27681	-2.477812045
1.27761	-2.477901018
1.27841	-2.477990003
1.27921	-2.478079
1.28001	-2.478197683
1.28081	-2.478286709
1.28161	-2.478375747
1.28241	-2.478464798
1.28321	-2.478583552
1.28401	-2.478672632
1.28481	-2.478761725
1.28561	-2.478880534
1.28641	-2.478946472
1.28721	-2.479035606
1.28801	-2.479124754
1.28881	-2.479243636
1.28961	-2.479332812
1.29041	-2.479422
1.29121	-2.479511201
1.29201	-2.479630155
1.29281	-2.479719384
1.29361	-2.479808627
1.29441	-2.479897881
1.29521	-2.480016907
1.29601	-2.48010619
1.29681	-2.480195486
1.29761	-2.480284794
1.29841	-2.480403892
1.29921	-2.480493229
1.30001	-2.480582579
1.30081	-2.480671941
1.30161	-2.48079111
1.30241	-2.480880501
1.30321	-2.480969905
1.30401	-2.481059321
1.30481	-2.481178561
1.30561	-2.481268006
1.30641	-2.481357464
1.30721	-2.481446934
1.30801	-2.481536416
1.30881	-2.481655745
1.30961	-2.481745256
1.31041	-2.48183478
1.31121	-2.481924316
1.31201	-2.482043717
1.31281	-2.482133282
1.31361	-2.48222286
1.31441	-2.48231245
1.31521	-2.482402053
1.31601	-2.482521542
1.31681	-2.482611173
1.31761	-2.482700817
1.31841	-2.482790474
1.31921	-2.482880143
1.32001	-2.482999721
1.32081	-2.483089419
1.32161	-2.483179129
1.32241	-2.483268852
1.32321	-2.483358587
1.32401	-2.483478254
1.32481	-2.483568018
1.32561	-2.483657795
1.32641	-2.483747584
1.32721	-2.483837386
1.32801	-2.483957141
1.32881	-2.484046972
1.32961	-2.484136815
1.33041	-2.484226671
1.33121	-2.484316539
1.33201	-2.48440642
1.33281	-2.48452628
1.33361	-2.484669278
1.33441	-2.484706112
1.33521	-2.484796047
1.33601	-2.484885994
1.33681	-2.484975954
1.33761	-2.485095919
1.33841	-2.485185908
1.33921	-2.485275909
1.34001	-2.485365923
1.34081	-2.485455949
1.34161	-2.485545988
1.34241	-2.485666059
1.34321	-2.485756127
1.34401	-2.485846207
1.34481	-2.4859363
1.34561	-2.486026405
1.34641	-2.486116523
1.34721	-2.486206653
1.34801	-2.486326847
1.34881	-2.486417006
1.34961	-2.486507178
1.35041	-2.486597362
1.35121	-2.486687559
1.35201	-2.486777769
1.35281	-2.486867991
1.35361	-2.486958225
1.35441	-2.487078557
1.35521	-2.487168821
1.35601	-2.487259097
1.35681	-2.487349385
1.35761	-2.487439686
1.35841	-2.48753
1.35921	-2.487620326
1.36001	-2.487710665
1.36081	-2.487801016
1.36161	-2.487921503
1.36241	-2.488011884
1.36321	-2.488102277
1.36401	-2.488192682
1.36481	-2.4882831
1.36561	-2.48837353
1.36641	-2.488463973
1.36721	-2.488554429
1.36801	-2.488644896
1.36881	-2.488735377
1.36961	-2.488856037
1.37041	-2.488946547
1.37121	-2.489037069
1.37201	-2.489127604
1.37281	-2.489218151
1.37361	-2.489308711
1.37441	-2.489399283
1.37521	-2.489489868
1.37601	-2.489580465
1.37681	-2.489671075
1.37761	-2.489761698
1.37841	-2.489852333
1.37921	-2.48994298
1.38001	-2.49003364
1.38081	-2.490124313
1.38161	-2.490245229
1.38241	-2.490335931
1.38321	-2.490426645
1.38401	-2.490517372
1.38481	-2.490608112
1.38561	-2.490698864
1.38641	-2.490789628
1.38721	-2.490880406
1.38801	-2.490971195
1.38881	-2.491061998
1.38961	-2.491152812
1.39041	-2.49124364
1.39121	-2.49133448
1.39201	-2.491425332
1.39281	-2.491516197
1.39361	-2.491607075
1.39441	-2.491697965
1.39521	-2.491788867
1.39601	-2.491887064
1.39681	-2.491993734
1.39761	-2.492061651
1.39841	-2.492152604
1.39921	-2.492243569
1.40001	-2.492334547
1.40081	-2.492425538
1.40161	-2.492516541
1.40241	-2.492607557
1.40321	-2.492698585
1.40401	-2.492789626
1.40481	-2.492887029
1.40561	-2.4929644
1.40641	-2.493085834
1.40721	-2.493176924
1.40801	-2.493268027
1.40881	-2.493359142
1.40961	-2.49345027
1.41041	-2.49354141
1.41121	-2.49360956
1.41201	-2.493708116
1.41281	-2.493807512
1.41361	-2.493875699
1.41441	-2.493966898
1.41521	-2.49405811
1.41601	-2.494149334
1.41681	-2.494240571
1.41761	-2.49433182
1.41841	-2.494423082
1.41921	-2.494514357
1.42001	-2.494605644
1.42081	-2.494696943
1.42161	-2.494788256
1.42241	-2.494879581
1.42321	-2.494970918
1.42401	-2.495062268
1.42481	-2.495153631
1.42561	-2.495214547
1.42641	-2.49532891
1.42721	-2.495420305
1.42801	-2.495511713
1.42881	-2.495603133
1.42961	-2.495694566
1.43041	-2.495786012
1.43121	-2.49587747
1.43201	-2.495968941
1.43281	-2.496060424
1.43361	-2.49615192
1.43441	-2.496212924
1.43521	-2.496304441
1.43601	-2.496395971
1.43681	-2.496487513
1.43761	-2.496579068
1.43841	-2.496670635
1.43921	-2.496762216
1.44001	-2.496853808
1.44081	-2.496914877
1.44161	-2.497006491
1.44241	-2.497098117
1.44321	-2.49721271
1.44401	-2.49730436
1.44481	-2.497396023
1.44561	-2.497487699
1.44641	-2.497548823
1.44721	-2.497640519
1.44801	-2.497732229
1.44881	-2.49782395
1.44961	-2.497915685
1.45041	-2.498007432
1.45121	-2.498068604
1.45201	-2.498160372
1.45281	-2.498252153
1.45361	-2.498343946
1.45441	-2.498435753
1.45521	-2.498527571
1.45601	-2.498588791
1.45681	-2.498703563
1.45761	-2.498795414
1.45841	-2.498887278
1.45921	-2.498979155
1.46001	-2.499040413
1.46081	-2.49913231
1.46161	-2.49922422
1.46241	-2.499316143
1.46321	-2.499408079
1.46401	-2.499469376
1.46481	-2.499561333
1.46561	-2.499653302
1.46641	-2.499745284
1.46721	-2.499837278
1.46801	-2.49992153
1.46881	-2.500013544
1.46961	-2.500105571
1.47041	-2.500197611
1.47121	-2.500258978
1.47201	-2.500351039
1.47281	-2.500443112
1.47361	-2.500535198
1.47441	-2.500627297
1.47521	-2.500688703
1.47601	-2.500780823
1.47681	-2.500895856
1.47761	-2.500957284
1.47841	-2.501049436
1.47921	-2.501141601
1.48001	-2.501233778
1.48081	-2.501295237
1.48161	-2.501387436
1.48241	-2.501479647
1.48321	-2.501571871
1.48401	-2.501633361
1.48481	-2.501725606
1.48561	-2.501840751
1.48641	-2.501902262
1.48721	-2.50199454
1.48801	-2.50208683
1.48881	-2.502179133
1.48961	-2.502240676
1.49041	-2.502333
1.49121	-2.502425337
1.49201	-2.502540562
1.49281	-2.502602135
1.49361	-2.502694504
1.49441	-2.502756091
1.49521	-2.502848481
1.49601	-2.502940884
1.49681	-2.503002494
1.49761	-2.503094918
1.49841	-2.503210221
1.49921	-2.503271851
1.50001	-2.503364308
1.50081	-2.503456778
1.50161	-2.503518431
1.50241	-2.503610922
1.50321	-2.503703425
1.50401	-2.503765101
1.50481	-2.503880481
1.50561	-2.50394217
1.50641	-2.504034715
1.50721	-2.504127272
1.50801	-2.504188983
1.50881	-2.504281562
1.50961	-2.504366135
1.51041	-2.504458733
1.51121	-2.504551344
1.51201	-2.504613091
1.51281	-2.504705723
1.51361	-2.504767485
1.51441	-2.504860138
1.51521	-2.504975642
1.51601	-2.505037425
1.51681	-2.505130111
1.51761	-2.505191908
1.51841	-2.505284615
1.51921	-2.505369258
1.52001	-2.505461984
1.52081	-2.505523809
1.52161	-2.505616557
1.52241	-2.505709318
1.52321	-2.505771165
1.52401	-2.50588677
1.52481	-2.50594863
1.52561	-2.506041432
1.52641	-2.506103307
1.52721	-2.506196129
1.52801	-2.506280835
1.52881	-2.506373677
1.52961	-2.506435579
1.53041	-2.506528443
1.53121	-2.50659036
1.53201	-2.506706054
1.53281	-2.506767983
1.53361	-2.506829918
1.53441	-2.506922832
1.53521	-2.506984781
1.53601	-2.507100518
1.53681	-2.507162481
1.53761	-2.507255435
1.53841	-2.507317412
1.53921	-2.507433184
1.54001	-2.507495174
1.54081	-2.507557169
1.54161	-2.507650173
1.54241	-2.507734974
1.54321	-2.507827998
1.54401	-2.507890021
1.54481	-2.50795205
1.54561	-2.508067889
1.54641	-2.508129931
1.54721	-2.508223004
1.54801	-2.50828506
1.54881	-2.508369902
1.54961	-2.508463003
1.55041	-2.508525078
1.55121	-2.508587159
1.55201	-2.508703064
1.55281	-2.508765158
1.55361	-2.508879776
1.55441	-2.508920418
1.55521	-2.5090053
1.55601	-2.509067418
1.55681	-2.509160606
1.55761	-2.509245503
1.55841	-2.50930764
1.55921	-2.509400857
1.56001	-2.509463008
1.56081	-2.509547924
1.56161	-2.509610086
1.56241	-2.509726095
1.56321	-2.509765515
1.56401	-2.50985045
1.56481	-2.509912637
1.56561	-2.510005927
1.56641	-2.510090876
1.56721	-2.510153082
1.56801	-2.510215293
1.56881	-2.51030862
1.56961	-2.510370845
1.57041	-2.510472569
1.57121	-2.510524037
1.57201	-2.510594651
1.57281	-2.510688017
1.57361	-2.510773002
1.57441	-2.510835258
1.57521	-2.510897519
1.57601	-2.510959786
1.57681	-2.511075925
1.57761	-2.511138205
1.57841	-2.511223217
1.57921	-2.511285507
1.58001	-2.511347804
1.58081	-2.511432827
1.58161	-2.511495134
1.58241	-2.511557446
1.58321	-2.511642481
1.58401	-2.511704804
1.58481	-2.511789846
1.58561	-2.511852179
1.58641	-2.511937229
1.58721	-2.511999573
1.58801	-2.512061922
1.58881	-2.512146983
1.58961	-2.512209343
1.59041	-2.512294412
1.59121	-2.512356782
1.59201	-2.512441858
1.59281	-2.512504238
1.59361	-2.512589321
1.59441	-2.512651712
1.59521	-2.512736803
1.59601	-2.512799204
1.59681	-2.512853098
1.59761	-2.512915506
1.59841	-2.513000609
1.59921	-2.513063028
1.60001	-2.513148137
1.60081	-2.513210567
1.60161	-2.513264466
1.60241	-2.513326903
1.60321	-2.513412024
1.60401	-2.513474472
1.60481	-2.513528373
1.60561	-2.513613502
1.60641	-2.513675962
1.60721	-2.513761097
1.60801	-2.513792332
1.60881	-2.513877472
1.60961	-2.513962615
1.61041	-2.513993856
1.61121	-2.514079003
1.61201	-2.514164154
1.61281	-2.5141954
1.61361	-2.514280555
1.61441	-2.514311806
1.61521	-2.514396965
1.61601	-2.514450872
1.61681	-2.514536034
1.61761	-2.514567291
1.61841	-2.514652458
1.61921	-2.514706365
1.62001	-2.514768891
1.62081	-2.514822799
1.62161	-2.514907973
1.62241	-2.51496188
1.62321	-2.51502442
1.62401	-2.515078328
1.62481	-2.515132235
1.62561	-2.515217416
1.62641	-2.515271322
1.62721	-2.515302599
1.62801	-2.515356505
1.62881	-2.515441691
1.62961	-2.515495596
1.63041	-2.5155495
1.63121	-2.515603403
1.63201	-2.515657305
1.63281	-2.515719879
1.63361	-2.515773782
1.63441	-2.515827684
1.63521	-2.515881586
1.63601	-2.515935486
1.63681	-2.515989386
1.63761	-2.516043284
1.63841	-2.516097182
1.63921	-2.516151078
1.64001	-2.516204974
1.64081	-2.516227572
1.64161	-2.516281465
1.64241	-2.516335357
1.64321	-2.516411838
1.64401	-2.516465727
1.64481	-2.516488314
1.64561	-2.516542199
1.64641	-2.516596084
1.64721	-2.516618666
1.64801	-2.516695127
1.64881	-2.516717704
1.64961	-2.516771581
1.65041	-2.517642342
1.65121	-2.51684803
1.65201	-2.516924472
1.65281	-2.516947039
1.65361	-2.516969606
1.65441	-2.517046035
1.65521	-2.517068597
1.65601	-2.517113716
1.65681	-2.517136273
1.65761	-2.517181383
1.65841	-2.517203936
1.65921	-2.517257787
1.66001	-2.517302885
1.66081	-2.517316681
1.66161	-2.517339225
1.66241	-2.51738431
1.66321	-2.517406851
1.66401	-2.517451927
1.66481	-2.517496998
1.66561	-2.517510773
1.66641	-2.517533304
1.66721	-2.517578361
1.66801	-2.517592126
1.66881	-2.517637174
1.66961	-2.517628411
1.67041	-2.517673451
1.67121	-2.517758536
1.67201	-2.517367045
1.67281	-2.517634637
1.67361	-2.517679655
1.67441	-2.517702162
1.67521	-2.51773841
1.67601	-2.517752149
1.67681	-2.517734627
1.67761	-2.517748364
1.67841	-2.517762098
1.67921	-2.517767071
1.68001	-2.517780801
1.68081	-2.51778577
1.68161	-2.517768255
1.68241	-2.517773224
1.68321	-2.517755715
1.68401	-2.517760685
1.68481	-2.517765653
1.68561	-2.517748152
1.68641	-2.517753121
1.68721	-2.517726878
1.68801	-2.517731849
1.68881	-2.517705618
1.68961	-2.517679395
1.69041	-2.51765318
1.69121	-2.517626975
1.69201	-2.517600777
1.69281	-2.517574588
1.69361	-2.517548407
1.69441	-2.517544672
1.69521	-2.517487352
1.69601	-2.5174612
1.69681	-2.517426343
1.69761	-2.51740021
1.69841	-2.517374085
1.69921	-2.517370387
1.70001	-2.517344277
1.70081	-2.517349287
1.70161	-2.517362996
1.70241	-2.517492439
1.70321	-2.517741379
1.70401	-2.518795556
1.70481	-2.563007692
1.70561	-2.514396523
1.70641	-2.515300247
1.70721	-2.515503234
1.70801	-2.515565197
1.70881	-2.515534215
1.70961	-2.51544985
1.71041	-2.51534308
1.71121	-2.515107111
1.71201	-2.51472799
1.71281	-2.513884901
1.71361	-2.51116615
1.71441	-2.504227159
1.71521	-2.525779887
1.71601	-2.524927832
1.71681	-2.52842774
1.71761	-2.543114096
1.71841	-2.782105858
1.71921	-2.500159758
1.72001	-2.502269763
1.72081	-2.504380677
1.72161	-2.5054108
1.72241	-2.50593985
1.72321	-2.506104515
1.72401	-2.506055504
1.72481	-2.505861772
1.72561	-2.505583378
1.72641	-2.505162344
1.72721	-2.504688754
1.72801	-2.504125481
1.72881	-2.503453185
1.72961	-2.502764304
1.73041	-2.501974361
1.73121	-2.501112795
1.73201	-2.500172899
1.73281	-2.4991337
1.73361	-2.497996353
1.73441	-2.496747626
1.73521	-2.495367451
1.73601	-2.493843821
1.73681	-2.492168413
1.73761	-2.490330145
1.73841	-2.488277725
1.73921	-2.486010415
1.74001	-2.483499237
1.74081	-2.480639518
1.74161	-2.477457341
1.74241	-2.473843154
1.74321	-2.469705968
1.74401	-2.464977858
1.74481	-2.45951055
1.74561	-2.453083833
1.74641	-2.445536749
1.74721	-2.436517304
1.74801	-2.425567197
1.74881	-2.412039465
1.74961	-2.394924118
1.75041	-2.37275724
1.75121	-2.342933718
1.75201	-2.300868909
1.75281	-2.23736393
1.75361	-2.130768243
1.75441	-1.916148973
1.75521	-1.325664302
1.75601	-0.063149518
1.75681	0.730383994
1.75761	1.524682552
1.75841	3.078014697
1.75921	-2.934247084
1.76001	-2.911674931
1.76081	-2.884555429
1.76161	-2.867982825
1.76241	-2.863852218
1.76321	-2.873762738
1.76401	-2.902408299
1.76481	-2.96127797
1.76561	-3.077320338
1.76641	2.982307799
1.76721	2.753529441
1.76801	-2.927843567
1.76881	-2.521908202
1.76961	-2.475168933
1.77041	-2.479699584
1.77121	-2.490569922
1.77201	-2.500569742
1.77281	-2.508744222
1.77361	-2.515252233
1.77441	-2.520382005
1.77521	-2.524484082
1.77601	-2.527807671
1.77681	-2.53048445
1.77761	-2.532687717
1.77841	-2.534480453
1.77921	-2.535999324
1.78001	-2.537248217
1.78081	-2.538291497
1.78161	-2.539171439
1.78241	-2.539954019
1.78321	-2.540603182
1.78401	-2.541164547
1.78481	-2.5416484
1.78561	-2.542065198
1.78641	-2.542404229
1.78721	-2.542709639
1.78801	-2.543004319
1.78881	-2.543265335
1.78961	-2.543436227
1.79041	-2.543629928
1.79121	-2.543789976
1.79201	-2.543949949
1.79281	-2.544087009
1.79361	-2.544213285
1.79441	-2.544283125
1.79521	-2.544409287
1.79601	-2.544479044
1.79681	-2.544548766
1.79761	-2.544618454
1.79841	-2.544688108
1.79921	-2.544734956
1.80001	-2.544804549
1.80081	-2.544851351
1.80161	-2.544920883
1.80241	-2.544967638
1.80321	-2.545014374
1.80401	-2.545061089
1.80481	-2.545107785
1.80561	-2.545131742
1.80641	-2.545178405
1.80721	-2.545235791
1.80801	-2.545259712
1.80881	-2.545339764
1.80961	-2.545397095
1.81041	-2.545420975
1.81121	-2.545489024
1.81201	-2.545546307
1.81281	-2.545614326
1.81361	-2.545704997
1.81441	-2.545772984
1.81521	-2.545874378
1.81601	-2.546009178
1.81681	-2.54618817
1.81761	-2.546400602
1.81841	-2.54681372
1.81921	-2.547505614
1.82001	-2.549293079
1.82081	-2.564103364
1.82161	-2.538901226
1.82241	-2.542530675
1.82321	-2.543524324
1.82401	-2.544000615
1.82481	-2.544244215
1.82561	-2.544365384
1.82641	-2.544353392
1.82721	-2.544038975
1.82801	-2.54397883
1.82881	-2.541775696
1.82961	-2.55101959
1.83041	-2.547134067
1.83121	-2.546540451
1.83201	-2.546361099
1.83281	-2.546260128
1.83361	-2.546204264
1.83441	-2.546204264
1.83521	-2.546226824
1.83601	-2.546249381
1.83681	-2.546305241
1.83761	-2.546305241
1.83841	-2.546350347
1.83921	-2.546406201
1.84001	-2.54642875
1.84081	-2.546484601
1.84161	-2.546540451
1.84241	-2.546562994
1.84321	-2.54661884
1.84401	-2.546674685
1.84481	-2.546730529
1.84561	-2.546786372
1.84641	-2.546842213
1.84721	-2.546898053
1.84801	-2.546953892
1.84881	-2.547020517
1.84961	-2.547076356
1.85041	-2.547132195
1.85121	-2.547198828
1.85201	-2.547287987
1.85281	-2.547354632
1.85361	-2.547387957
1.85441	-2.547487939
1.85521	-2.547554602
1.85601	-2.547621271
1.85681	-2.547721285
1.85761	-2.547787968
1.85841	-2.547865497
1.85921	-2.547965549
1.86001	-2.548076467
1.86081	-2.548187412
1.86161	-2.54827588
1.86241	-2.548386881
1.86321	-2.548508793
1.86401	-2.548630748
1.86481	-2.548763649
1.86561	-2.548930033
1.86641	-2.549073995
1.86721	-2.549284937
1.86801	-2.549506979
1.86881	-2.54974017
1.86961	-2.549995561
1.87041	-2.550295797
1.87121	-2.550685657
1.87201	-2.55116554
1.87281	-2.5517582
1.87361	-2.552520664
1.87441	-2.553669023
1.87521	-2.55538979
1.87601	-2.558758139
1.87681	-2.57098844
1.87761	-2.545209988
1.87841	-2.562558523
1.87921	-2.615692025
1.88001	-2.606117335
1.88081	-2.539618716
1.88161	-2.540068108
1.88241	-2.541445905
1.88321	-2.542505019
1.88401	-2.543315691
1.88481	-2.544636865
1.88561	-2.544357148
1.88641	-2.54473946
1.88721	-2.545059691
1.88801	-2.545305591
1.88881	-2.545542488
1.88961	-2.545703361
1.89041	-2.545865516
1.89121	-2.545951394
1.89201	-2.546006588
1.89281	-2.54583263
1.89361	-2.541111968
1.89441	-2.547473614
1.89521	-2.547103236
1.89601	-2.547027479
1.89681	-2.547028421
1.89761	-2.546952711
1.89841	-2.546802374
1.89921	-2.545822575
1.90001	-2.549738392
1.90081	-2.548657101
1.90161	-2.545952898
1.90241	-2.547382524
1.90321	-2.547494184
1.90401	-2.547549565
1.90481	-2.547571891
1.90561	-2.547594215
1.90641	-2.547616538
1.90721	-2.547605807
1.90801	-2.547605807
1.90881	-2.547595077
1.90961	-2.547562029
1.91041	-2.547539707
1.91121	-2.547494184
1.91201	-2.547387876
1.91281	-2.547331631
1.91361	-2.547243246
1.91441	-2.547132534
1.91521	-2.546999485
1.91601	-2.546788713
1.91681	-2.546533192
1.91761	-2.546077301
1.91841	-2.54514466
1.91921	-2.537719068
1.92001	-2.547042438
1.92081	-2.529720936
1.92161	-2.566058902
1.92241	-2.54505252
1.92321	-2.544892639
1.92401	-2.54441729
1.92481	-2.543742698
1.92561	-2.542809557
1.92641	-2.541598374
1.92721	-2.539848102
1.92801	-2.537249251
1.92881	-2.532983401
1.92961	-2.524218068
1.93041	-2.49340579
1.93121	-2.483919261
1.93201	-2.572497243
1.93281	-2.552976019
1.93361	-2.53584916
1.93441	-2.382653179
1.93521	-2.572597419
1.93601	-2.546073568
1.93681	-1.806182838
1.93761	-2.601341028
1.93841	-2.586191981
1.93921	-2.580990938
1.94001	-2.586867547
1.94081	-2.700568634
1.94161	-2.543878055
1.94241	-2.553856498
1.94321	-2.556951889
1.94401	-2.559593943
1.94481	-2.556027061
1.94561	-2.55786088
1.94641	-2.558845443
1.94721	-2.560919406
1.94801	-2.541360188
1.94881	-2.555432
1.94961	-2.556456892
1.95041	-2.57857844
1.95121	-2.566646223
1.95201	-2.61530356
1.95281	-2.551137673
1.95361	-2.553856305
1.95441	-2.554959165
1.95521	-2.555653421
1.95601	-2.556248935
1.95681	-2.556936953
1.95761	-2.558252099
1.95841	-2.568897383
1.95921	-2.546523532
1.96001	-2.553911911
1.96081	-2.555215848
1.96161	-2.554367828
1.96241	-2.562433072
1.96321	-2.550913572
1.96401	-2.556000996
1.96481	-2.559441011
1.96561	-2.558480369
1.96641	-2.530611062
1.96721	-2.544073394
1.96801	-2.535975052
1.96881	-2.575526032
1.96961	-2.580504064
1.97041	-2.523997984
1.97121	-2.428542395
1.97201	-2.58159627
1.97281	-2.538463262
1.97361	-2.473409104
1.97441	-1.627597744
1.97521	-2.534687113
1.97601	-2.584604069
1.97681	-2.570720221
1.97761	-2.556852501
1.97841	-2.548213816
1.97921	-2.54128585
1.98001	-2.548590846
1.98081	-2.568175453
1.98161	-2.534566823
1.98241	-2.608144929
1.98321	-2.568056821
1.98401	-2.443458705
1.98481	-2.560840471
1.98561	-2.631511202
1.98641	-2.578249209
1.98721	-2.591967533
1.98801	-2.570446854
1.98881	-2.567005622
1.98961	-2.567488752
1.99041	-2.565775349
1.99121	-2.532473007
1.99201	-2.563150819
1.99281	-2.565586456
1.99361	-2.568604707
1.99441	-2.561842851
1.99521	-2.594553003
1.99601	-2.580320997
1.99681	-2.566153511
1.99761	-2.558669952
1.99841	-2.560774773
1.99921	-2.600961663
2.00001	-2.586313178
2.00081	-2.570553052
2.00241	-2.551495288
2.00321	-2.584795193
2.00401	-2.572752598
2.00481	-2.56371265
2.00561	-2.562078641
2.00641	-2.559770208
2.00721	-2.554821918
2.00801	-2.55151037
2.00881	-2.571209372
2.00961	-2.568449465
2.01041	-2.566754627
2.01121	-2.565574014
2.01201	-2.564553577
2.01281	-2.563412179
2.01361	-2.561174849
2.01441	-2.541089469
2.01521	-2.569199106
2.01601	-2.566981611
2.01681	-2.565513622
2.01761	-2.564348387
2.01841	-2.562911936
2.01921	-2.560022497
2.02001	-2.546668935
2.02081	-2.569003088
2.02161	-2.559256678
2.02241	-2.571050583
2.02321	-2.567773653
2.02401	-2.566352873
2.02481	-2.5651708
2.02561	-2.563460974
2.02641	-2.556237688
2.02721	-2.562764308
2.02801	-2.570133408
2.02881	-2.566384757
2.02961	-2.560010861
2.03041	-2.571287512
2.03121	-2.567881529
2.03201	-2.568543669
2.03281	-2.564565473
2.03361	-2.557509947
2.03441	-2.587498781
2.03521	-2.549479121
2.03601	-2.562001601
2.03681	-2.574029893
2.03761	-2.562300728
2.03841	-2.594376702
2.03921	-2.506242154
2.04001	-2.601854259
2.04081	-2.5883949
2.04161	-2.574875478
2.04241	-2.565916961
2.04321	-2.684496149
2.04401	-2.986537536
2.04481	-2.580267668
2.04561	-2.601186456
2.04641	-2.587537363
2.04721	-2.573783379
2.04801	-2.565664001
2.04881	-2.564894646
2.04961	-2.563829611
2.05041	-2.562388897
2.05121	-2.560328676
2.05201	-2.557466564
2.05281	-2.553291025
2.05361	-2.547449893
2.05441	-2.538952412
2.05521	-2.526417396
2.05601	-2.50764664
2.05681	-2.479792787
2.05761	-2.440718933
2.05841	-2.393671555
2.05921	-2.35415751
2.06001	-2.342831943
2.06081	-2.362159342
2.06161	-2.395555821
2.06241	-2.428465322
2.06321	-2.455394468
2.06401	-2.47612306
2.06481	-2.491826985
2.06561	-2.50376834
2.06641	-2.513026448
2.06721	-2.52032703
2.06801	-2.526142682
2.06881	-2.530986282
2.06961	-2.53484907
2.07041	-2.538101264
2.07121	-2.540821673
2.07201	-2.543196075
2.07281	-2.545617781
2.07361	-2.547038262
2.07441	-2.548583248
2.07521	-2.550004957
2.07601	-2.551246441
2.07681	-2.552344315
2.07761	-2.55334589
2.07841	-2.554275172
2.07921	-2.55509789
2.08001	-2.555872516
2.08081	-2.556587622
2.08161	-2.557266972
2.08241	-2.557899123
2.08321	-2.558472508
2.08401	-2.559423442
2.08481	-2.559491115
2.08561	-2.559970541
2.08641	-2.560426488
2.08721	-2.560859052
2.08801	-2.561268325
2.08881	-2.561654391
2.08961	-2.562017333
2.09041	-2.562379872
2.09121	-2.562719388
2.09201	-2.563058552
2.09281	-2.563397364
2.09361	-2.563690717
2.09441	-2.564844402
2.09521	-2.564188136
2.09601	-2.564491263
2.09681	-2.564761173
2.09761	-2.565030858
2.09841	-2.565300321
2.09921	-2.565547132
2.10001	-2.565771342
2.10081	-2.566052313
2.10161	-2.566276192
2.10241	-2.566499917
2.10321	-2.566723487
2.10401	-2.566946903
2.10481	-2.567170165
2.10561	-2.56737097
2.10641	-2.567571649
2.10721	-2.567794481
2.10801	-2.567994898
2.10881	-2.568195191
2.10961	-2.568395359
2.11041	-2.568595404
2.11121	-2.568795324
2.11201	-2.568995121
2.11281	-2.569194794
2.11361	-2.56935993
2.11441	-2.569559362
2.11521	-2.56975867
2.11601	-2.569923462
2.11681	-2.57012253
2.11761	-2.570287096
2.11841	-2.570473638
2.11921	-2.570637972
2.12001	-2.570802198
2.12081	-2.57098836
2.12161	-2.571118018
2.12241	-2.571269603
2.12321	-2.571399066
2.12401	-2.57149413
2.12481	-2.571601437
2.12561	-2.571674387
2.12641	-2.571749952
2.12721	-2.571940655
2.12801	-2.572412499
2.12881	-2.572800438
2.12961	-2.573824859
2.13041	-2.57414668
2.13121	-2.574390113
2.13201	-2.574633178
2.13281	-2.574841672
2.13361	-2.575049841
2.13441	-2.575245247
2.13521	-2.575462017
2.13601	-2.575700074
2.13681	-2.575912819
2.13761	-2.576112693
2.13841	-2.576376855
2.13921	-2.576581557
2.14001	-2.576816294
2.14081	-2.577034551
2.14161	-2.577214871
2.14241	-2.577387693
2.14321	-2.577574218
2.14401	-2.57765217
2.14481	-2.577661265
2.14561	-2.577502128
2.14641	-2.577082971
2.14721	-2.576249459
2.14801	-2.57463765
2.14881	-2.571586958
2.14961	-2.565572687
2.15041	-2.553033888
2.15121	-2.525134143
2.15201	-2.463282233
2.15281	-2.377490639
2.15361	-2.384462283
2.15441	-2.449786024
2.15521	-2.494865179
2.15601	-2.520299406
2.15681	-2.535218971
2.15761	-2.544594092
2.15841	-2.5509068
2.15921	-2.555409239
2.16001	-2.558754163
2.16081	-2.561326568
2.16161	-2.563348517
2.16241	-2.565048295
2.16321	-2.56641806
2.16401	-2.567587488
2.16481	-2.568593675
2.16561	-2.569505973
2.16641	-2.570302712
2.16721	-2.571017203
2.16801	-2.571640045
2.16881	-2.572251512
2.16961	-2.572804309
2.17041	-2.573311268
2.17121	-2.573794881
2.17201	-2.574220443
2.17281	-2.574679913
2.17361	-2.575081544
2.17441	-2.575482361
2.17521	-2.575882366
2.17601	-2.576268877
2.17681	-2.576597922
2.17761	-2.576935519
2.17841	-2.577215841
2.17921	-2.577482832
2.18001	-2.577670992
2.18081	-2.578112922
2.18161	-2.579399013
2.18241	-2.579906888
2.18321	-2.580568559
2.18401	-2.580857854
2.18481	-2.581172501
2.18561	-2.581473576
2.18641	-2.581646794
2.18721	-2.581362519
2.18801	-2.57988861
2.18881	-2.574405919
2.18961	-2.551980609
2.19041	-2.444435901
2.19121	-2.417428881
2.19201	-2.512417212
2.19281	-2.54459362
2.19361	-2.557645813
2.19441	-2.564323616
2.19521	-2.568202984
2.19601	-2.570441473
2.19681	-2.571386381
2.19761	-2.572282269
2.19841	-2.573629573
2.19921	-2.57491116
2.20001	-2.576060371
2.20081	-2.577020933
2.20161	-2.577885702
2.20241	-2.578651548
2.20321	-2.579362525
2.20401	-2.579958262
2.20481	-2.579174995
2.20561	-2.582584256
2.20641	-2.583057513
2.20721	-2.58334924
2.20801	-2.581255576
2.20881	-2.554717912
2.20961	-2.396737058
	
	